orgao,gestao,unidade_gestora,fonte_de_recursos,receita,arrecadado,date
01000 - ASSEMBLEIA LEGISLATIVA,00001 - GOVERNO DO ESTADO DE SAO PAULO,010001 - ASSEMBLEIA LEGISLATIVA,001 - TESOURO-DOT.INICIAL E CRED.SUPLEMENTAR,11130311 - IRRF-IMP. RENDA RET. FTE-TRABALHO-PRINCIPAL,84575684.46,2020-11-21
01000 - ASSEMBLEIA LEGISLATIVA,00001 - GOVERNO DO ESTADO DE SAO PAULO,010001 - ASSEMBLEIA LEGISLATIVA,001 - TESOURO-DOT.INICIAL E CRED.SUPLEMENTAR,19909911 - OUTRAS RECEITAS - PRIMARIAS - PRINCIPAL,221232.45,2020-11-21
01000 - ASSEMBLEIA LEGISLATIVA,00001 - GOVERNO DO ESTADO DE SAO PAULO,010030 - FED-ASSEMBLEIA LEGISLATIVA EST.SP.,003 - RECURSOS VINCULADOS-FUNDO ESPECIAL DE DESPES,13100111 - ALUGUEIS E ARRENDAMENTOS - PRINCIPAL,295440.78,2020-11-21
01000 - ASSEMBLEIA LEGISLATIVA,00001 - GOVERNO DO ESTADO DE SAO PAULO,010030 - FED-ASSEMBLEIA LEGISLATIVA EST.SP.,003 - RECURSOS VINCULADOS-FUNDO ESPECIAL DE DESPES,13210011 - REMUNERACAO  DEPOSITOS BANCARIOS - PRINCIPAL,1194003.64,2020-11-21
01000 - ASSEMBLEIA LEGISLATIVA,00001 - GOVERNO DO ESTADO DE SAO PAULO,010030 - FED-ASSEMBLEIA LEGISLATIVA EST.SP.,003 - RECURSOS VINCULADOS-FUNDO ESPECIAL DE DESPES,13600111 - CESSAO DIREITO OPERACIONAL.PAGTOS- PRINCIPAL,978946.47,2020-11-21
01000 - ASSEMBLEIA LEGISLATIVA,00001 - GOVERNO DO ESTADO DE SAO PAULO,010030 - FED-ASSEMBLEIA LEGISLATIVA EST.SP.,003 - RECURSOS VINCULADOS-FUNDO ESPECIAL DE DESPES,16909911 - OUTROS SERVICOS - PRINCIPAL,51.3,2020-11-21
01000 - ASSEMBLEIA LEGISLATIVA,00001 - GOVERNO DO ESTADO DE SAO PAULO,010030 - FED-ASSEMBLEIA LEGISLATIVA EST.SP.,003 - RECURSOS VINCULADOS-FUNDO ESPECIAL DE DESPES,19100111 - MULTAS PREVISTAS LEG. ESPECIFICA-PRINCIPAL,61857.08,2020-11-21
01000 - ASSEMBLEIA LEGISLATIVA,00001 - GOVERNO DO ESTADO DE SAO PAULO,010030 - FED-ASSEMBLEIA LEGISLATIVA EST.SP.,003 - RECURSOS VINCULADOS-FUNDO ESPECIAL DE DESPES,19280291 - OUTRAS RESTITUICOES-ESPECIF.E/DF/M-PRINCIPAL,487911.12,2020-11-21
01000 - ASSEMBLEIA LEGISLATIVA,00001 - GOVERNO DO ESTADO DE SAO PAULO,010101 - ASSEMBLEIA LEGISLATIVA,001 - TESOURO-DOT.INICIAL E CRED.SUPLEMENTAR,19280291 - OUTRAS RESTITUICOES-ESPECIF.E/DF/M-PRINCIPAL,50185.62,2020-11-21
01000 - ASSEMBLEIA LEGISLATIVA,00001 - GOVERNO DO ESTADO DE SAO PAULO,010101 - ASSEMBLEIA LEGISLATIVA,001 - TESOURO-DOT.INICIAL E CRED.SUPLEMENTAR,19909911 - OUTRAS RECEITAS - PRIMARIAS - PRINCIPAL,4602.26,2020-11-21
02000 - TRIBUNAL DE CONTAS DO ESTADO,00001 - GOVERNO DO ESTADO DE SAO PAULO,020001 - TRIBUNAL DE CONTAS DO ESTADO,001 - TESOURO-DOT.INICIAL E CRED.SUPLEMENTAR,11130311 - IRRF-IMP. RENDA RET. FTE-TRABALHO-PRINCIPAL,88140269.06,2020-11-21
02000 - TRIBUNAL DE CONTAS DO ESTADO,00001 - GOVERNO DO ESTADO DE SAO PAULO,020001 - TRIBUNAL DE CONTAS DO ESTADO,001 - TESOURO-DOT.INICIAL E CRED.SUPLEMENTAR,19909911 - OUTRAS RECEITAS - PRIMARIAS - PRINCIPAL,481444.86,2020-11-21
02000 - TRIBUNAL DE CONTAS DO ESTADO,00001 - GOVERNO DO ESTADO DE SAO PAULO,020001 - TRIBUNAL DE CONTAS DO ESTADO,003 - RECURSOS VINCULADOS-FUNDO ESPECIAL DE DESPES,19901211 - ENCARGOS LEGAIS INSCR. DIV.ATIVA-PRINCIPAL,2656.79,2020-11-21
02000 - TRIBUNAL DE CONTAS DO ESTADO,00001 - GOVERNO DO ESTADO DE SAO PAULO,020030 - FED-FUNDO ESPEC.DESPESA DO TRIBUNAL DE CONTA,003 - RECURSOS VINCULADOS-FUNDO ESPECIAL DE DESPES,13210011 - REMUNERACAO  DEPOSITOS BANCARIOS - PRINCIPAL,2986046.78,2020-11-21
02000 - TRIBUNAL DE CONTAS DO ESTADO,00001 - GOVERNO DO ESTADO DE SAO PAULO,020030 - FED-FUNDO ESPEC.DESPESA DO TRIBUNAL DE CONTA,003 - RECURSOS VINCULADOS-FUNDO ESPECIAL DE DESPES,13600111 - CESSAO DIREITO OPERACIONAL.PAGTOS- PRINCIPAL,1769070.0,2020-11-21
02000 - TRIBUNAL DE CONTAS DO ESTADO,00001 - GOVERNO DO ESTADO DE SAO PAULO,020030 - FED-FUNDO ESPEC.DESPESA DO TRIBUNAL DE CONTA,003 - RECURSOS VINCULADOS-FUNDO ESPECIAL DE DESPES,16100111 - SERVICO ADMINISTRATIVO/COML.GERAL -PRINCIPAL,2730.25,2020-11-21
02000 - TRIBUNAL DE CONTAS DO ESTADO,00001 - GOVERNO DO ESTADO DE SAO PAULO,020030 - FED-FUNDO ESPEC.DESPESA DO TRIBUNAL DE CONTA,003 - RECURSOS VINCULADOS-FUNDO ESPECIAL DE DESPES,16909911 - OUTROS SERVICOS - PRINCIPAL,87468.64,2020-11-21
02000 - TRIBUNAL DE CONTAS DO ESTADO,00001 - GOVERNO DO ESTADO DE SAO PAULO,020030 - FED-FUNDO ESPEC.DESPESA DO TRIBUNAL DE CONTA,003 - RECURSOS VINCULADOS-FUNDO ESPECIAL DE DESPES,19100111 - MULTAS PREVISTAS LEG. ESPECIFICA-PRINCIPAL,2632953.94,2020-11-21
02000 - TRIBUNAL DE CONTAS DO ESTADO,00001 - GOVERNO DO ESTADO DE SAO PAULO,020030 - FED-FUNDO ESPEC.DESPESA DO TRIBUNAL DE CONTA,003 - RECURSOS VINCULADOS-FUNDO ESPECIAL DE DESPES,19909913 - OUTRAS RECEITAS - PRIMARIAS - DIVIDA ATIVA,1223616.38,2020-11-21
02000 - TRIBUNAL DE CONTAS DO ESTADO,00001 - GOVERNO DO ESTADO DE SAO PAULO,020101 - TRIBUNAL DE CONTAS DO ESTADO,001 - TESOURO-DOT.INICIAL E CRED.SUPLEMENTAR,11130341 - IRRF-OUTROS RENDIMENTOS-PRINCIPAL,170084.47,2020-11-21
03000 - TRIBUNAL DE JUSTICA,00001 - GOVERNO DO ESTADO DE SAO PAULO,030001 - TRIBUNAL DE JUSTICA,001 - TESOURO-DOT.INICIAL E CRED.SUPLEMENTAR,11130311 - IRRF-IMP. RENDA RET. FTE-TRABALHO-PRINCIPAL,613290145.84,2020-11-21
03000 - TRIBUNAL DE JUSTICA,00001 - GOVERNO DO ESTADO DE SAO PAULO,030001 - TRIBUNAL DE JUSTICA,001 - TESOURO-DOT.INICIAL E CRED.SUPLEMENTAR,13100111 - ALUGUEIS E ARRENDAMENTOS - PRINCIPAL,11357.83,2020-11-21
03000 - TRIBUNAL DE JUSTICA,00001 - GOVERNO DO ESTADO DE SAO PAULO,030001 - TRIBUNAL DE JUSTICA,001 - TESOURO-DOT.INICIAL E CRED.SUPLEMENTAR,19909911 - OUTRAS RECEITAS - PRIMARIAS - PRINCIPAL,6332301.57,2020-11-21
03000 - TRIBUNAL DE JUSTICA,00001 - GOVERNO DO ESTADO DE SAO PAULO,030001 - TRIBUNAL DE JUSTICA,003 - RECURSOS VINCULADOS-FUNDO ESPECIAL DE DESPES,19901211 - ENCARGOS LEGAIS INSCR. DIV.ATIVA-PRINCIPAL,85066.87,2020-11-21
03000 - TRIBUNAL DE JUSTICA,00001 - GOVERNO DO ESTADO DE SAO PAULO,030030 - FED-TRIBUNAL DE JUSTICA,002 - RECURSOS VINCULADOS ESTADUAIS,"11220211 - EMOLUMENTOS,CUSTAS JUDICIAIS - PRINCIPAL",0.0,2020-11-21
03000 - TRIBUNAL DE JUSTICA,00001 - GOVERNO DO ESTADO DE SAO PAULO,030030 - FED-TRIBUNAL DE JUSTICA,002 - RECURSOS VINCULADOS ESTADUAIS,11280211 - TAXAS JUDICIAIS,255083.81,2020-11-21
03000 - TRIBUNAL DE JUSTICA,00001 - GOVERNO DO ESTADO DE SAO PAULO,030030 - FED-TRIBUNAL DE JUSTICA,003 - RECURSOS VINCULADOS-FUNDO ESPECIAL DE DESPES,11220111 - TAXA PELA  PRESTACAO DE SERVICOS-PRINCIPAL,0.0,2020-11-21
03000 - TRIBUNAL DE JUSTICA,00001 - GOVERNO DO ESTADO DE SAO PAULO,030030 - FED-TRIBUNAL DE JUSTICA,003 - RECURSOS VINCULADOS-FUNDO ESPECIAL DE DESPES,11280221 - TAXAS EXTRAJUDICIAIS,204105643.19,2020-11-21
03000 - TRIBUNAL DE JUSTICA,00001 - GOVERNO DO ESTADO DE SAO PAULO,030030 - FED-TRIBUNAL DE JUSTICA,003 - RECURSOS VINCULADOS-FUNDO ESPECIAL DE DESPES,13100111 - ALUGUEIS E ARRENDAMENTOS - PRINCIPAL,192164.37,2020-11-21
03000 - TRIBUNAL DE JUSTICA,00001 - GOVERNO DO ESTADO DE SAO PAULO,030030 - FED-TRIBUNAL DE JUSTICA,003 - RECURSOS VINCULADOS-FUNDO ESPECIAL DE DESPES,13210011 - REMUNERACAO  DEPOSITOS BANCARIOS - PRINCIPAL,39098912.62,2020-11-21
03000 - TRIBUNAL DE JUSTICA,00001 - GOVERNO DO ESTADO DE SAO PAULO,030030 - FED-TRIBUNAL DE JUSTICA,003 - RECURSOS VINCULADOS-FUNDO ESPECIAL DE DESPES,13600111 - CESSAO DIREITO OPERACIONAL.PAGTOS- PRINCIPAL,1011808908.13,2020-11-21
03000 - TRIBUNAL DE JUSTICA,00001 - GOVERNO DO ESTADO DE SAO PAULO,030030 - FED-TRIBUNAL DE JUSTICA,003 - RECURSOS VINCULADOS-FUNDO ESPECIAL DE DESPES,16100111 - SERVICO ADMINISTRATIVO/COML.GERAL -PRINCIPAL,2234775.48,2020-11-21
03000 - TRIBUNAL DE JUSTICA,00001 - GOVERNO DO ESTADO DE SAO PAULO,030030 - FED-TRIBUNAL DE JUSTICA,003 - RECURSOS VINCULADOS-FUNDO ESPECIAL DE DESPES,16909911 - OUTROS SERVICOS - PRINCIPAL,178186043.69,2020-11-21
03000 - TRIBUNAL DE JUSTICA,00001 - GOVERNO DO ESTADO DE SAO PAULO,030030 - FED-TRIBUNAL DE JUSTICA,003 - RECURSOS VINCULADOS-FUNDO ESPECIAL DE DESPES,17780191 - OUTRAS TRANSF.PF ESPECIF.E/DF/M N.E.ANT-PRIN,29467.6,2020-11-21
03000 - TRIBUNAL DE JUSTICA,00001 - GOVERNO DO ESTADO DE SAO PAULO,030030 - FED-TRIBUNAL DE JUSTICA,003 - RECURSOS VINCULADOS-FUNDO ESPECIAL DE DESPES,19100111 - MULTAS PREVISTAS LEG. ESPECIFICA-PRINCIPAL,3906372.47,2020-11-21
03000 - TRIBUNAL DE JUSTICA,00001 - GOVERNO DO ESTADO DE SAO PAULO,030030 - FED-TRIBUNAL DE JUSTICA,003 - RECURSOS VINCULADOS-FUNDO ESPECIAL DE DESPES,19280111 - INDENIZAC,87915.4,2020-11-21
03000 - TRIBUNAL DE JUSTICA,00001 - GOVERNO DO ESTADO DE SAO PAULO,030030 - FED-TRIBUNAL DE JUSTICA,003 - RECURSOS VINCULADOS-FUNDO ESPECIAL DE DESPES,19280291 - OUTRAS RESTITUICOES-ESPECIF.E/DF/M-PRINCIPAL,6290908.76,2020-11-21
03000 - TRIBUNAL DE JUSTICA,00001 - GOVERNO DO ESTADO DE SAO PAULO,030030 - FED-TRIBUNAL DE JUSTICA,003 - RECURSOS VINCULADOS-FUNDO ESPECIAL DE DESPES,19909911 - OUTRAS RECEITAS - PRIMARIAS - PRINCIPAL,14027085.16,2020-11-21
03000 - TRIBUNAL DE JUSTICA,00001 - GOVERNO DO ESTADO DE SAO PAULO,030030 - FED-TRIBUNAL DE JUSTICA,003 - RECURSOS VINCULADOS-FUNDO ESPECIAL DE DESPES,22130011 - ALIENACAO BENS MOVEIS/SEMOVENTES- PRINCIPAL,1730331.94,2020-11-21
03000 - TRIBUNAL DE JUSTICA,00001 - GOVERNO DO ESTADO DE SAO PAULO,030051 - PRECATORIOS ORDEM CRONOLOGICA,001 - TESOURO-DOT.INICIAL E CRED.SUPLEMENTAR,13210011 - REMUNERACAO  DEPOSITOS BANCARIOS - PRINCIPAL,2962371.17,2020-11-21
03000 - TRIBUNAL DE JUSTICA,00001 - GOVERNO DO ESTADO DE SAO PAULO,030055 - PRECATORIOS ART.102 PARAGRAFO UNICO DO ADCT,001 - TESOURO-DOT.INICIAL E CRED.SUPLEMENTAR,13210011 - REMUNERACAO  DEPOSITOS BANCARIOS - PRINCIPAL,27552606.76,2020-11-21
03000 - TRIBUNAL DE JUSTICA,00001 - GOVERNO DO ESTADO DE SAO PAULO,030101 - TRIBUNAL DE JUSTICA,001 - TESOURO-DOT.INICIAL E CRED.SUPLEMENTAR,19909911 - OUTRAS RECEITAS - PRIMARIAS - PRINCIPAL,85415.99,2020-11-21
03000 - TRIBUNAL DE JUSTICA,00001 - GOVERNO DO ESTADO DE SAO PAULO,030101 - TRIBUNAL DE JUSTICA,002 - RECURSOS VINCULADOS ESTADUAIS,11280211 - TAXAS JUDICIAIS,48870.69,2020-11-21
06000 - TRIBUNAL DE JUSTICA MILITAR,00001 - GOVERNO DO ESTADO DE SAO PAULO,060001 - TRIBUNAL DE JUSTICA MILITAR,001 - TESOURO-DOT.INICIAL E CRED.SUPLEMENTAR,11130311 - IRRF-IMP. RENDA RET. FTE-TRABALHO-PRINCIPAL,4882754.8,2020-11-21
06000 - TRIBUNAL DE JUSTICA MILITAR,00001 - GOVERNO DO ESTADO DE SAO PAULO,060001 - TRIBUNAL DE JUSTICA MILITAR,001 - TESOURO-DOT.INICIAL E CRED.SUPLEMENTAR,19909911 - OUTRAS RECEITAS - PRIMARIAS - PRINCIPAL,30736.17,2020-11-21
06000 - TRIBUNAL DE JUSTICA MILITAR,00001 - GOVERNO DO ESTADO DE SAO PAULO,060030 - FED-TRIB.DE JUSTICA MILITAR,003 - RECURSOS VINCULADOS-FUNDO ESPECIAL DE DESPES,13210011 - REMUNERACAO  DEPOSITOS BANCARIOS - PRINCIPAL,174611.63,2020-11-21
06000 - TRIBUNAL DE JUSTICA MILITAR,00001 - GOVERNO DO ESTADO DE SAO PAULO,060030 - FED-TRIB.DE JUSTICA MILITAR,003 - RECURSOS VINCULADOS-FUNDO ESPECIAL DE DESPES,15000011 - RECEITA INDUSTRIAL - PRINCIPAL,102.0,2020-11-21
06000 - TRIBUNAL DE JUSTICA MILITAR,00001 - GOVERNO DO ESTADO DE SAO PAULO,060030 - FED-TRIB.DE JUSTICA MILITAR,003 - RECURSOS VINCULADOS-FUNDO ESPECIAL DE DESPES,16909911 - OUTROS SERVICOS - PRINCIPAL,707.2,2020-11-21
06000 - TRIBUNAL DE JUSTICA MILITAR,00001 - GOVERNO DO ESTADO DE SAO PAULO,060030 - FED-TRIB.DE JUSTICA MILITAR,003 - RECURSOS VINCULADOS-FUNDO ESPECIAL DE DESPES,19280291 - OUTRAS RESTITUICOES-ESPECIF.E/DF/M-PRINCIPAL,67390.05,2020-11-21
06000 - TRIBUNAL DE JUSTICA MILITAR,00001 - GOVERNO DO ESTADO DE SAO PAULO,060101 - TRIBUNAL DE JUSTICA MILITAR,001 - TESOURO-DOT.INICIAL E CRED.SUPLEMENTAR,11130341 - IRRF-OUTROS RENDIMENTOS-PRINCIPAL,48.52,2020-11-21
06000 - TRIBUNAL DE JUSTICA MILITAR,00001 - GOVERNO DO ESTADO DE SAO PAULO,060101 - TRIBUNAL DE JUSTICA MILITAR,001 - TESOURO-DOT.INICIAL E CRED.SUPLEMENTAR,19909911 - OUTRAS RECEITAS - PRIMARIAS - PRINCIPAL,768.32,2020-11-21
08000 - SECRETARIA DA EDUCACAO,00001 - GOVERNO DO ESTADO DE SAO PAULO,080001 - SECRETARIA DA EDUCACAO,001 - TESOURO-DOT.INICIAL E CRED.SUPLEMENTAR,13210011 - REMUNERACAO  DEPOSITOS BANCARIOS - PRINCIPAL,7565.33,2020-11-21
08000 - SECRETARIA DA EDUCACAO,00001 - GOVERNO DO ESTADO DE SAO PAULO,080001 - SECRETARIA DA EDUCACAO,001 - TESOURO-DOT.INICIAL E CRED.SUPLEMENTAR,19280291 - OUTRAS RESTITUICOES-ESPECIF.E/DF/M-PRINCIPAL,1083015.5,2020-11-21
08000 - SECRETARIA DA EDUCACAO,00001 - GOVERNO DO ESTADO DE SAO PAULO,080001 - SECRETARIA DA EDUCACAO,001 - TESOURO-DOT.INICIAL E CRED.SUPLEMENTAR,19909911 - OUTRAS RECEITAS - PRIMARIAS - PRINCIPAL,1394632.06,2020-11-21
08000 - SECRETARIA DA EDUCACAO,00001 - GOVERNO DO ESTADO DE SAO PAULO,080030 - FED-COORD.GESTAO DE REC.HUMANOS,003 - RECURSOS VINCULADOS-FUNDO ESPECIAL DE DESPES,13210011 - REMUNERACAO  DEPOSITOS BANCARIOS - PRINCIPAL,172700.4,2020-11-21
08000 - SECRETARIA DA EDUCACAO,00001 - GOVERNO DO ESTADO DE SAO PAULO,080040 - FDO.MANUT.DESENV.ENS.FUND.VALOR.MAGIST.FUNDE,001 - TESOURO-DOT.INICIAL E CRED.SUPLEMENTAR,13210011 - REMUNERACAO  DEPOSITOS BANCARIOS - PRINCIPAL,49778094.98,2020-11-21
08000 - SECRETARIA DA EDUCACAO,00001 - GOVERNO DO ESTADO DE SAO PAULO,080040 - FDO.MANUT.DESENV.ENS.FUND.VALOR.MAGIST.FUNDE,001 - TESOURO-DOT.INICIAL E CRED.SUPLEMENTAR,19280291 - OUTRAS RESTITUICOES-ESPECIF.E/DF/M-PRINCIPAL,77284497.85,2020-11-21
08000 - SECRETARIA DA EDUCACAO,00001 - GOVERNO DO ESTADO DE SAO PAULO,080040 - FDO.MANUT.DESENV.ENS.FUND.VALOR.MAGIST.FUNDE,001 - TESOURO-DOT.INICIAL E CRED.SUPLEMENTAR,19909911 - OUTRAS RECEITAS - PRIMARIAS - PRINCIPAL,5622148.08,2020-11-21
08000 - SECRETARIA DA EDUCACAO,00001 - GOVERNO DO ESTADO DE SAO PAULO,080050 - FED-DESENVOL. EDUCACAO EM SAO PAULO,003 - RECURSOS VINCULADOS-FUNDO ESPECIAL DE DESPES,13210011 - REMUNERACAO  DEPOSITOS BANCARIOS - PRINCIPAL,14995190.41,2020-11-21
08000 - SECRETARIA DA EDUCACAO,00001 - GOVERNO DO ESTADO DE SAO PAULO,080050 - FED-DESENVOL. EDUCACAO EM SAO PAULO,003 - RECURSOS VINCULADOS-FUNDO ESPECIAL DE DESPES,19280291 - OUTRAS RESTITUICOES-ESPECIF.E/DF/M-PRINCIPAL,9577.94,2020-11-21
08000 - SECRETARIA DA EDUCACAO,00001 - GOVERNO DO ESTADO DE SAO PAULO,080050 - FED-DESENVOL. EDUCACAO EM SAO PAULO,003 - RECURSOS VINCULADOS-FUNDO ESPECIAL DE DESPES,19909911 - OUTRAS RECEITAS - PRIMARIAS - PRINCIPAL,39838743.11,2020-11-21
08000 - SECRETARIA DA EDUCACAO,00001 - GOVERNO DO ESTADO DE SAO PAULO,080050 - FED-DESENVOL. EDUCACAO EM SAO PAULO,005 - RECURSOS VINCULADOS FEDERAIS,13210011 - REMUNERACAO  DEPOSITOS BANCARIOS - PRINCIPAL,4529899.71,2020-11-21
08000 - SECRETARIA DA EDUCACAO,00001 - GOVERNO DO ESTADO DE SAO PAULO,080050 - FED-DESENVOL. EDUCACAO EM SAO PAULO,005 - RECURSOS VINCULADOS FEDERAIS,17180511 - TRANSFERENCIA DO SALARIO-EDUCACAO - PRINCIPA,2038702348.3,2020-11-21
08000 - SECRETARIA DA EDUCACAO,00001 - GOVERNO DO ESTADO DE SAO PAULO,080050 - FED-DESENVOL. EDUCACAO EM SAO PAULO,005 - RECURSOS VINCULADOS FEDERAIS,17180531 - TRANF.DIRETA FNDE-PROG.NAC.ALIM. ESCOLA-PRIN,199073254.55,2020-11-21
08000 - SECRETARIA DA EDUCACAO,00001 - GOVERNO DO ESTADO DE SAO PAULO,080050 - FED-DESENVOL. EDUCACAO EM SAO PAULO,005 - RECURSOS VINCULADOS FEDERAIS,17180591 - OUTRAS TRANSF. DIRETAS DO FNDE - PRINCIPAL,37174061.64,2020-11-21
08000 - SECRETARIA DA EDUCACAO,00001 - GOVERNO DO ESTADO DE SAO PAULO,080050 - FED-DESENVOL. EDUCACAO EM SAO PAULO,005 - RECURSOS VINCULADOS FEDERAIS,17181021 - TRANSF.CONVENIO UNIAO A PROG.EDUCACAO-PRINC.,136290.0,2020-11-21
08000 - SECRETARIA DA EDUCACAO,00001 - GOVERNO DO ESTADO DE SAO PAULO,080050 - FED-DESENVOL. EDUCACAO EM SAO PAULO,005 - RECURSOS VINCULADOS FEDERAIS,19100111 - MULTAS PREVISTAS LEG. ESPECIFICA-PRINCIPAL,4361.89,2020-11-21
08000 - SECRETARIA DA EDUCACAO,00001 - GOVERNO DO ESTADO DE SAO PAULO,080050 - FED-DESENVOL. EDUCACAO EM SAO PAULO,005 - RECURSOS VINCULADOS FEDERAIS,19280291 - OUTRAS RESTITUICOES-ESPECIF.E/DF/M-PRINCIPAL,68818.98,2020-11-21
08000 - SECRETARIA DA EDUCACAO,00001 - GOVERNO DO ESTADO DE SAO PAULO,080050 - FED-DESENVOL. EDUCACAO EM SAO PAULO,005 - RECURSOS VINCULADOS FEDERAIS,19909911 - OUTRAS RECEITAS - PRIMARIAS - PRINCIPAL,404553.72,2020-11-21
08000 - SECRETARIA DA EDUCACAO,00001 - GOVERNO DO ESTADO DE SAO PAULO,080102 - DEPARTAMENTO DE ADMINISTRACAO,001 - TESOURO-DOT.INICIAL E CRED.SUPLEMENTAR,19100111 - MULTAS PREVISTAS LEG. ESPECIFICA-PRINCIPAL,1169.21,2020-11-21
08000 - SECRETARIA DA EDUCACAO,00001 - GOVERNO DO ESTADO DE SAO PAULO,080263 - DIR.ENS.-REG.CENTRO SUL,001 - TESOURO-DOT.INICIAL E CRED.SUPLEMENTAR,11130341 - IRRF-OUTROS RENDIMENTOS-PRINCIPAL,1667.64,2020-11-21
08000 - SECRETARIA DA EDUCACAO,00001 - GOVERNO DO ESTADO DE SAO PAULO,080264 - DIR.ENS.-REG.LESTE 1,001 - TESOURO-DOT.INICIAL E CRED.SUPLEMENTAR,11130341 - IRRF-OUTROS RENDIMENTOS-PRINCIPAL,5995.49,2020-11-21
08000 - SECRETARIA DA EDUCACAO,00001 - GOVERNO DO ESTADO DE SAO PAULO,080267 - DIR.ENS.-REG.LESTE 4,001 - TESOURO-DOT.INICIAL E CRED.SUPLEMENTAR,11130341 - IRRF-OUTROS RENDIMENTOS-PRINCIPAL,2500.84,2020-11-21
08000 - SECRETARIA DA EDUCACAO,00001 - GOVERNO DO ESTADO DE SAO PAULO,080287 - DIR.ENS.-REG.SUZANO,003 - RECURSOS VINCULADOS-FUNDO ESPECIAL DE DESPES,19909911 - OUTRAS RECEITAS - PRIMARIAS - PRINCIPAL,5994.94,2020-11-21
08000 - SECRETARIA DA EDUCACAO,00001 - GOVERNO DO ESTADO DE SAO PAULO,080287 - DIR.ENS.-REG.SUZANO,005 - RECURSOS VINCULADOS FEDERAIS,19909911 - OUTRAS RECEITAS - PRIMARIAS - PRINCIPAL,58.24,2020-11-21
08000 - SECRETARIA DA EDUCACAO,00001 - GOVERNO DO ESTADO DE SAO PAULO,080289 - DIR.ENS.-REG.ADAMANTINA,005 - RECURSOS VINCULADOS FEDERAIS,19100111 - MULTAS PREVISTAS LEG. ESPECIFICA-PRINCIPAL,3150.6,2020-11-21
08000 - SECRETARIA DA EDUCACAO,00001 - GOVERNO DO ESTADO DE SAO PAULO,080293 - DIR.ENS.-REG.ARACATUBA,001 - TESOURO-DOT.INICIAL E CRED.SUPLEMENTAR,19909911 - OUTRAS RECEITAS - PRIMARIAS - PRINCIPAL,5.43,2020-11-21
08000 - SECRETARIA DA EDUCACAO,00001 - GOVERNO DO ESTADO DE SAO PAULO,080297 - DIR.ENS.-REG.BAURU,003 - RECURSOS VINCULADOS-FUNDO ESPECIAL DE DESPES,19909911 - OUTRAS RECEITAS - PRIMARIAS - PRINCIPAL,27428.92,2020-11-21
08000 - SECRETARIA DA EDUCACAO,00001 - GOVERNO DO ESTADO DE SAO PAULO,080308 - DIR.ENS.-REG.GUARATINGUETA,001 - TESOURO-DOT.INICIAL E CRED.SUPLEMENTAR,11130341 - IRRF-OUTROS RENDIMENTOS-PRINCIPAL,1401.17,2020-11-21
08000 - SECRETARIA DA EDUCACAO,00001 - GOVERNO DO ESTADO DE SAO PAULO,080312 - DIR.ENS.-REG.ITU,001 - TESOURO-DOT.INICIAL E CRED.SUPLEMENTAR,19100111 - MULTAS PREVISTAS LEG. ESPECIFICA-PRINCIPAL,518.69,2020-11-21
08000 - SECRETARIA DA EDUCACAO,00001 - GOVERNO DO ESTADO DE SAO PAULO,080312 - DIR.ENS.-REG.ITU,003 - RECURSOS VINCULADOS-FUNDO ESPECIAL DE DESPES,19909911 - OUTRAS RECEITAS - PRIMARIAS - PRINCIPAL,29827.72,2020-11-21
08000 - SECRETARIA DA EDUCACAO,00001 - GOVERNO DO ESTADO DE SAO PAULO,080313 - DIR.ENS.-REG.JABOTICABAL,001 - TESOURO-DOT.INICIAL E CRED.SUPLEMENTAR,19100111 - MULTAS PREVISTAS LEG. ESPECIFICA-PRINCIPAL,130.65,2020-11-21
08000 - SECRETARIA DA EDUCACAO,00001 - GOVERNO DO ESTADO DE SAO PAULO,080316 - DIR.ENS.-REG.JAU,003 - RECURSOS VINCULADOS-FUNDO ESPECIAL DE DESPES,19100111 - MULTAS PREVISTAS LEG. ESPECIFICA-PRINCIPAL,9656.9,2020-11-21
08000 - SECRETARIA DA EDUCACAO,00001 - GOVERNO DO ESTADO DE SAO PAULO,080320 - DIR.ENS.-REG.LINS,001 - TESOURO-DOT.INICIAL E CRED.SUPLEMENTAR,19909911 - OUTRAS RECEITAS - PRIMARIAS - PRINCIPAL,9.25,2020-11-21
08000 - SECRETARIA DA EDUCACAO,00001 - GOVERNO DO ESTADO DE SAO PAULO,080324 - DIR.ENS.-REG.MOGI MIRIM,001 - TESOURO-DOT.INICIAL E CRED.SUPLEMENTAR,19909911 - OUTRAS RECEITAS - PRIMARIAS - PRINCIPAL,21748.17,2020-11-21
08000 - SECRETARIA DA EDUCACAO,00001 - GOVERNO DO ESTADO DE SAO PAULO,080335 - DIR.ENS.-REG.SAO CARLOS,001 - TESOURO-DOT.INICIAL E CRED.SUPLEMENTAR,19909911 - OUTRAS RECEITAS - PRIMARIAS - PRINCIPAL,138.7,2020-11-21
08000 - SECRETARIA DA EDUCACAO,00001 - GOVERNO DO ESTADO DE SAO PAULO,080336 - DIR.ENS.-REG.SAO JOAO DA BOA VISTA,001 - TESOURO-DOT.INICIAL E CRED.SUPLEMENTAR,19909911 - OUTRAS RECEITAS - PRIMARIAS - PRINCIPAL,590.46,2020-11-21
08000 - SECRETARIA DA EDUCACAO,00001 - GOVERNO DO ESTADO DE SAO PAULO,080337 - DIR.ENS.-REG.SAO JOAQUIM DA BARRA,001 - TESOURO-DOT.INICIAL E CRED.SUPLEMENTAR,19909911 - OUTRAS RECEITAS - PRIMARIAS - PRINCIPAL,2682.24,2020-11-21
08000 - SECRETARIA DA EDUCACAO,00001 - GOVERNO DO ESTADO DE SAO PAULO,080343 - DIR.ENS.-REG.SOROCABA,001 - TESOURO-DOT.INICIAL E CRED.SUPLEMENTAR,19909911 - OUTRAS RECEITAS - PRIMARIAS - PRINCIPAL,135.6,2020-11-21
08000 - SECRETARIA DA EDUCACAO,00001 - GOVERNO DO ESTADO DE SAO PAULO,080348 - DIR.ENS.-REG.VOTORANTIM,001 - TESOURO-DOT.INICIAL E CRED.SUPLEMENTAR,11130341 - IRRF-OUTROS RENDIMENTOS-PRINCIPAL,2231.38,2020-11-21
08000 - SECRETARIA DA EDUCACAO,00001 - GOVERNO DO ESTADO DE SAO PAULO,080358 - COORD.INFRAESTRUTURA E SERV.ESCOLARES,001 - TESOURO-DOT.INICIAL E CRED.SUPLEMENTAR,19909911 - OUTRAS RECEITAS - PRIMARIAS - PRINCIPAL,6981446.08,2020-11-21
08000 - SECRETARIA DA EDUCACAO,08046 - FUNDACAO PARA O DESENVOLVIMENTO DA EDUCACAO,081101 - FDE-FUNDACAO P/ DESENV. DA EDUCACAO,004 - REC.PROPRIO-ADM.IND.-DOT.INIC.CR.SUPL.,13100111 - ALUGUEIS E ARRENDAMENTOS - PRINCIPAL,93789.23,2020-11-21
08000 - SECRETARIA DA EDUCACAO,08046 - FUNDACAO PARA O DESENVOLVIMENTO DA EDUCACAO,081101 - FDE-FUNDACAO P/ DESENV. DA EDUCACAO,004 - REC.PROPRIO-ADM.IND.-DOT.INIC.CR.SUPL.,13210011 - REMUNERACAO  DEPOSITOS BANCARIOS - PRINCIPAL,163133.06,2020-11-21
08000 - SECRETARIA DA EDUCACAO,08046 - FUNDACAO PARA O DESENVOLVIMENTO DA EDUCACAO,081101 - FDE-FUNDACAO P/ DESENV. DA EDUCACAO,004 - REC.PROPRIO-ADM.IND.-DOT.INIC.CR.SUPL.,16100111 - SERVICO ADMINISTRATIVO/COML.GERAL -PRINCIPAL,232703.8,2020-11-21
08000 - SECRETARIA DA EDUCACAO,08046 - FUNDACAO PARA O DESENVOLVIMENTO DA EDUCACAO,081101 - FDE-FUNDACAO P/ DESENV. DA EDUCACAO,004 - REC.PROPRIO-ADM.IND.-DOT.INIC.CR.SUPL.,16909911 - OUTROS SERVICOS - PRINCIPAL,50556.2,2020-11-21
08000 - SECRETARIA DA EDUCACAO,08046 - FUNDACAO PARA O DESENVOLVIMENTO DA EDUCACAO,081101 - FDE-FUNDACAO P/ DESENV. DA EDUCACAO,004 - REC.PROPRIO-ADM.IND.-DOT.INIC.CR.SUPL.,19909911 - OUTRAS RECEITAS - PRIMARIAS - PRINCIPAL,1092657.54,2020-11-21
08000 - SECRETARIA DA EDUCACAO,08046 - FUNDACAO PARA O DESENVOLVIMENTO DA EDUCACAO,081102 - PRESTACAO DE SERVICOS FDE/SEE,081 - TESOURO-DOT.INICIAL E CRED.SUPLEMENTAR-INTRA,76909911 - OUTROS SERVICOS -PRINCIPAL INTRAORCAMENTARIA,5286207.26,2020-11-21
08000 - SECRETARIA DA EDUCACAO,08046 - FUNDACAO PARA O DESENVOLVIMENTO DA EDUCACAO,081102 - PRESTACAO DE SERVICOS FDE/SEE,083 - RECURSOS VINCULADOS-FUNDO ESP. DESPESA-INTRA,76909911 - OUTROS SERVICOS -PRINCIPAL INTRAORCAMENTARIA,734358.13,2020-11-21
08000 - SECRETARIA DA EDUCACAO,08046 - FUNDACAO PARA O DESENVOLVIMENTO DA EDUCACAO,081102 - PRESTACAO DE SERVICOS FDE/SEE,085 - RECURSOS VINCULADOS FEDERAIS-INTRA,76909911 - OUTROS SERVICOS -PRINCIPAL INTRAORCAMENTARIA,57997419.92,2020-11-21
08000 - SECRETARIA DA EDUCACAO,08046 - FUNDACAO PARA O DESENVOLVIMENTO DA EDUCACAO,081102 - PRESTACAO DE SERVICOS FDE/SEE,085 - RECURSOS VINCULADOS FEDERAIS-INTRA,89900011 - DEMAIS RECEITAS DE CAPITAL-PRINCIPAL INTRA,7059934.41,2020-11-21
09000 - SECRETARIA DA SAUDE,00001 - GOVERNO DO ESTADO DE SAO PAULO,090001 - SECRETARIA DA SAUDE,001 - TESOURO-DOT.INICIAL E CRED.SUPLEMENTAR,13210011 - REMUNERACAO  DEPOSITOS BANCARIOS - PRINCIPAL,202.22,2020-11-21
09000 - SECRETARIA DA SAUDE,00001 - GOVERNO DO ESTADO DE SAO PAULO,090001 - SECRETARIA DA SAUDE,003 - RECURSOS VINCULADOS-FUNDO ESPECIAL DE DESPES,13210011 - REMUNERACAO  DEPOSITOS BANCARIOS - PRINCIPAL,893.04,2020-11-21
09000 - SECRETARIA DA SAUDE,00001 - GOVERNO DO ESTADO DE SAO PAULO,090001 - SECRETARIA DA SAUDE,043 - F.E.D - CREDITO POR SUPERAVIT FINANCEIRO,13210011 - REMUNERACAO  DEPOSITOS BANCARIOS - PRINCIPAL,115632.7,2020-11-21
09000 - SECRETARIA DA SAUDE,00001 - GOVERNO DO ESTADO DE SAO PAULO,090001 - SECRETARIA DA SAUDE,083 - RECURSOS VINCULADOS-FUNDO ESP. DESPESA-INTRA,77289911 - TRANSF.INTRA COVID,50000000.0,2020-11-21
09000 - SECRETARIA DA SAUDE,00001 - GOVERNO DO ESTADO DE SAO PAULO,090030 - FED-HOSP.STA.TEREZA DE RIB.PRETO,003 - RECURSOS VINCULADOS-FUNDO ESPECIAL DE DESPES,13210011 - REMUNERACAO  DEPOSITOS BANCARIOS - PRINCIPAL,1607.44,2020-11-21
09000 - SECRETARIA DA SAUDE,00001 - GOVERNO DO ESTADO DE SAO PAULO,090031 - FED-CTO.ATENCAO INT.SAUDE STA.RITA,003 - RECURSOS VINCULADOS-FUNDO ESPECIAL DE DESPES,13210011 - REMUNERACAO  DEPOSITOS BANCARIOS - PRINCIPAL,0.13,2020-11-21
09000 - SECRETARIA DA SAUDE,00001 - GOVERNO DO ESTADO DE SAO PAULO,090032 - FED-CONJ. HOSPITALAR DE SOROCABA,003 - RECURSOS VINCULADOS-FUNDO ESPECIAL DE DESPES,13210011 - REMUNERACAO  DEPOSITOS BANCARIOS - PRINCIPAL,3625.32,2020-11-21
09000 - SECRETARIA DA SAUDE,00001 - GOVERNO DO ESTADO DE SAO PAULO,090033 - FED-CTO. REABILITACAO DE CASA BRANCA,003 - RECURSOS VINCULADOS-FUNDO ESPECIAL DE DESPES,13210011 - REMUNERACAO  DEPOSITOS BANCARIOS - PRINCIPAL,1420.62,2020-11-21
09000 - SECRETARIA DA SAUDE,00001 - GOVERNO DO ESTADO DE SAO PAULO,090033 - FED-CTO. REABILITACAO DE CASA BRANCA,003 - RECURSOS VINCULADOS-FUNDO ESPECIAL DE DESPES,15000011 - RECEITA INDUSTRIAL - PRINCIPAL,10381.0,2020-11-21
09000 - SECRETARIA DA SAUDE,00001 - GOVERNO DO ESTADO DE SAO PAULO,090034 - FED-CAIS.CLEMENTE FERREIRA,003 - RECURSOS VINCULADOS-FUNDO ESPECIAL DE DESPES,13210011 - REMUNERACAO  DEPOSITOS BANCARIOS - PRINCIPAL,0.81,2020-11-21
09000 - SECRETARIA DA SAUDE,00001 - GOVERNO DO ESTADO DE SAO PAULO,"090035 - FED-COMPLEXO HOSPITALAR DO JUQUERY, F.ROCHA",003 - RECURSOS VINCULADOS-FUNDO ESPECIAL DE DESPES,13210011 - REMUNERACAO  DEPOSITOS BANCARIOS - PRINCIPAL,607.15,2020-11-21
09000 - SECRETARIA DA SAUDE,00001 - GOVERNO DO ESTADO DE SAO PAULO,"090035 - FED-COMPLEXO HOSPITALAR DO JUQUERY, F.ROCHA",003 - RECURSOS VINCULADOS-FUNDO ESPECIAL DE DESPES,15000011 - RECEITA INDUSTRIAL - PRINCIPAL,400.0,2020-11-21
09000 - SECRETARIA DA SAUDE,00001 - GOVERNO DO ESTADO DE SAO PAULO,090037 - FED-INSTITUTO ADOLFO LUTZ,003 - RECURSOS VINCULADOS-FUNDO ESPECIAL DE DESPES,13210011 - REMUNERACAO  DEPOSITOS BANCARIOS - PRINCIPAL,462808.24,2020-11-21
09000 - SECRETARIA DA SAUDE,00001 - GOVERNO DO ESTADO DE SAO PAULO,090037 - FED-INSTITUTO ADOLFO LUTZ,003 - RECURSOS VINCULADOS-FUNDO ESPECIAL DE DESPES,15000011 - RECEITA INDUSTRIAL - PRINCIPAL,38649.22,2020-11-21
09000 - SECRETARIA DA SAUDE,00001 - GOVERNO DO ESTADO DE SAO PAULO,090037 - FED-INSTITUTO ADOLFO LUTZ,003 - RECURSOS VINCULADOS-FUNDO ESPECIAL DE DESPES,16909911 - OUTROS SERVICOS - PRINCIPAL,816158.92,2020-11-21
09000 - SECRETARIA DA SAUDE,00001 - GOVERNO DO ESTADO DE SAO PAULO,090037 - FED-INSTITUTO ADOLFO LUTZ,003 - RECURSOS VINCULADOS-FUNDO ESPECIAL DE DESPES,17481011 - OUTRA TRANSF.INST.PRIV. AO E/DF/M-PRINCIPAL,45000.0,2020-11-21
09000 - SECRETARIA DA SAUDE,00001 - GOVERNO DO ESTADO DE SAO PAULO,090038 - FED-INSTITUTO BUTANTAN,003 - RECURSOS VINCULADOS-FUNDO ESPECIAL DE DESPES,13210011 - REMUNERACAO  DEPOSITOS BANCARIOS - PRINCIPAL,66979.27,2020-11-21
09000 - SECRETARIA DA SAUDE,00001 - GOVERNO DO ESTADO DE SAO PAULO,090038 - FED-INSTITUTO BUTANTAN,003 - RECURSOS VINCULADOS-FUNDO ESPECIAL DE DESPES,16100111 - SERVICO ADMINISTRATIVO/COML.GERAL -PRINCIPAL,149350.5,2020-11-21
09000 - SECRETARIA DA SAUDE,00001 - GOVERNO DO ESTADO DE SAO PAULO,090039 - FED-INSTITUTO PASTEUR,003 - RECURSOS VINCULADOS-FUNDO ESPECIAL DE DESPES,13210011 - REMUNERACAO  DEPOSITOS BANCARIOS - PRINCIPAL,14891.82,2020-11-21
09000 - SECRETARIA DA SAUDE,00001 - GOVERNO DO ESTADO DE SAO PAULO,090039 - FED-INSTITUTO PASTEUR,003 - RECURSOS VINCULADOS-FUNDO ESPECIAL DE DESPES,16909911 - OUTROS SERVICOS - PRINCIPAL,12450.0,2020-11-21
09000 - SECRETARIA DA SAUDE,00001 - GOVERNO DO ESTADO DE SAO PAULO,090040 - FED-INSTITUTO DE SAUDE,003 - RECURSOS VINCULADOS-FUNDO ESPECIAL DE DESPES,13210011 - REMUNERACAO  DEPOSITOS BANCARIOS - PRINCIPAL,1554.89,2020-11-21
09000 - SECRETARIA DA SAUDE,00001 - GOVERNO DO ESTADO DE SAO PAULO,090040 - FED-INSTITUTO DE SAUDE,003 - RECURSOS VINCULADOS-FUNDO ESPECIAL DE DESPES,16909911 - OUTROS SERVICOS - PRINCIPAL,48710.0,2020-11-21
09000 - SECRETARIA DA SAUDE,00001 - GOVERNO DO ESTADO DE SAO PAULO,090040 - FED-INSTITUTO DE SAUDE,043 - F.E.D - CREDITO POR SUPERAVIT FINANCEIRO,13210011 - REMUNERACAO  DEPOSITOS BANCARIOS - PRINCIPAL,61.3,2020-11-21
09000 - SECRETARIA DA SAUDE,00001 - GOVERNO DO ESTADO DE SAO PAULO,090041 - FED-INST.DANTE PAZZANESE DE CARDIOLOGIA,003 - RECURSOS VINCULADOS-FUNDO ESPECIAL DE DESPES,13100111 - ALUGUEIS E ARRENDAMENTOS - PRINCIPAL,329156.12,2020-11-21
09000 - SECRETARIA DA SAUDE,00001 - GOVERNO DO ESTADO DE SAO PAULO,090041 - FED-INST.DANTE PAZZANESE DE CARDIOLOGIA,003 - RECURSOS VINCULADOS-FUNDO ESPECIAL DE DESPES,13210011 - REMUNERACAO  DEPOSITOS BANCARIOS - PRINCIPAL,52046.6,2020-11-21
09000 - SECRETARIA DA SAUDE,00001 - GOVERNO DO ESTADO DE SAO PAULO,090041 - FED-INST.DANTE PAZZANESE DE CARDIOLOGIA,003 - RECURSOS VINCULADOS-FUNDO ESPECIAL DE DESPES,16100111 - SERVICO ADMINISTRATIVO/COML.GERAL -PRINCIPAL,300.0,2020-11-21
09000 - SECRETARIA DA SAUDE,00001 - GOVERNO DO ESTADO DE SAO PAULO,090042 - FED-INSTITUTO LAURO DE SOUZA LIMA,003 - RECURSOS VINCULADOS-FUNDO ESPECIAL DE DESPES,13210011 - REMUNERACAO  DEPOSITOS BANCARIOS - PRINCIPAL,4.96,2020-11-21
09000 - SECRETARIA DA SAUDE,00001 - GOVERNO DO ESTADO DE SAO PAULO,090042 - FED-INSTITUTO LAURO DE SOUZA LIMA,003 - RECURSOS VINCULADOS-FUNDO ESPECIAL DE DESPES,16100111 - SERVICO ADMINISTRATIVO/COML.GERAL -PRINCIPAL,232.68,2020-11-21
09000 - SECRETARIA DA SAUDE,00001 - GOVERNO DO ESTADO DE SAO PAULO,090043 - FED-INST.INFECTOLOGIA EMILIO RIBAS,003 - RECURSOS VINCULADOS-FUNDO ESPECIAL DE DESPES,13210011 - REMUNERACAO  DEPOSITOS BANCARIOS - PRINCIPAL,46141.89,2020-11-21
09000 - SECRETARIA DA SAUDE,00001 - GOVERNO DO ESTADO DE SAO PAULO,090043 - FED-INST.INFECTOLOGIA EMILIO RIBAS,003 - RECURSOS VINCULADOS-FUNDO ESPECIAL DE DESPES,17481011 - OUTRA TRANSF.INST.PRIV. AO E/DF/M-PRINCIPAL,173645.96,2020-11-21
09000 - SECRETARIA DA SAUDE,00001 - GOVERNO DO ESTADO DE SAO PAULO,090044 - FED-CTO.PIONEIRO PSIC.ARQUITETO J.J.EZEMPLAR,003 - RECURSOS VINCULADOS-FUNDO ESPECIAL DE DESPES,13210011 - REMUNERACAO  DEPOSITOS BANCARIOS - PRINCIPAL,831.8,2020-11-21
09000 - SECRETARIA DA SAUDE,00001 - GOVERNO DO ESTADO DE SAO PAULO,090050 - FUNDO ESTADUAL DE SAUDE-FUNDES,005 - RECURSOS VINCULADOS FEDERAIS,13210011 - REMUNERACAO  DEPOSITOS BANCARIOS - PRINCIPAL,8448689.7,2020-11-21
09000 - SECRETARIA DA SAUDE,00001 - GOVERNO DO ESTADO DE SAO PAULO,090050 - FUNDO ESTADUAL DE SAUDE-FUNDES,005 - RECURSOS VINCULADOS FEDERAIS,17180351 - TRANSFERENCIA REC.SUS-GESTAO SUS - PRINCIPAL,1065105552.71,2020-11-21
09000 - SECRETARIA DA SAUDE,00001 - GOVERNO DO ESTADO DE SAO PAULO,090050 - FUNDO ESTADUAL DE SAUDE-FUNDES,005 - RECURSOS VINCULADOS FEDERAIS,17180391 - TRANSF.REC.SUS-OUTRO PROG.TRANSF FDO/FDO-PRI,4856414019.65,2020-11-21
09000 - SECRETARIA DA SAUDE,00001 - GOVERNO DO ESTADO DE SAO PAULO,090050 - FUNDO ESTADUAL DE SAUDE-FUNDES,005 - RECURSOS VINCULADOS FEDERAIS,19909911 - OUTRAS RECEITAS - PRIMARIAS - PRINCIPAL,0.0,2020-11-21
09000 - SECRETARIA DA SAUDE,00001 - GOVERNO DO ESTADO DE SAO PAULO,090050 - FUNDO ESTADUAL DE SAUDE-FUNDES,005 - RECURSOS VINCULADOS FEDERAIS,24180461 - OUTRAS TRANSFERENCIAS RECURSOS SUS-PRINCIPAL,22360736.0,2020-11-21
09000 - SECRETARIA DA SAUDE,00001 - GOVERNO DO ESTADO DE SAO PAULO,090050 - FUNDO ESTADUAL DE SAUDE-FUNDES,045 - REC.VINC.TRANSF.FEDERAL/SUPERAVIT FINANC.,17180351 - TRANSFERENCIA REC.SUS-GESTAO SUS - PRINCIPAL,0.01,2020-11-21
09000 - SECRETARIA DA SAUDE,00001 - GOVERNO DO ESTADO DE SAO PAULO,090050 - FUNDO ESTADUAL DE SAUDE-FUNDES,083 - RECURSOS VINCULADOS-FUNDO ESP. DESPESA-INTRA,77289911 - TRANSF.INTRA COVID,0.0,2020-11-21
09000 - SECRETARIA DA SAUDE,00001 - GOVERNO DO ESTADO DE SAO PAULO,090052 - PPP-SEC. DA SAUDE-COMPLEXOS HOSPITALARES,001 - TESOURO-DOT.INICIAL E CRED.SUPLEMENTAR,13210011 - REMUNERACAO  DEPOSITOS BANCARIOS - PRINCIPAL,425688.53,2020-11-21
09000 - SECRETARIA DA SAUDE,00001 - GOVERNO DO ESTADO DE SAO PAULO,090096 - SECR. SAUDE-TRANSFERENCIA FUNDES-LC 141/12,001 - TESOURO-DOT.INICIAL E CRED.SUPLEMENTAR,13210011 - REMUNERACAO  DEPOSITOS BANCARIOS - PRINCIPAL,0.02,2020-11-21
09000 - SECRETARIA DA SAUDE,00001 - GOVERNO DO ESTADO DE SAO PAULO,090096 - SECR. SAUDE-TRANSFERENCIA FUNDES-LC 141/12,001 - TESOURO-DOT.INICIAL E CRED.SUPLEMENTAR,19909911 - OUTRAS RECEITAS - PRIMARIAS - PRINCIPAL,237.97,2020-11-21
09000 - SECRETARIA DA SAUDE,00001 - GOVERNO DO ESTADO DE SAO PAULO,090097 - SECRETARIA DA SAUDE - FUNDES - LC 141/12,001 - TESOURO-DOT.INICIAL E CRED.SUPLEMENTAR,11130311 - IRRF-IMP. RENDA RET. FTE-TRABALHO-PRINCIPAL,164000856.01,2020-11-21
09000 - SECRETARIA DA SAUDE,00001 - GOVERNO DO ESTADO DE SAO PAULO,090097 - SECRETARIA DA SAUDE - FUNDES - LC 141/12,001 - TESOURO-DOT.INICIAL E CRED.SUPLEMENTAR,13100111 - ALUGUEIS E ARRENDAMENTOS - PRINCIPAL,22048.43,2020-11-21
09000 - SECRETARIA DA SAUDE,00001 - GOVERNO DO ESTADO DE SAO PAULO,090097 - SECRETARIA DA SAUDE - FUNDES - LC 141/12,001 - TESOURO-DOT.INICIAL E CRED.SUPLEMENTAR,13210011 - REMUNERACAO  DEPOSITOS BANCARIOS - PRINCIPAL,424.52,2020-11-21
09000 - SECRETARIA DA SAUDE,00001 - GOVERNO DO ESTADO DE SAO PAULO,090097 - SECRETARIA DA SAUDE - FUNDES - LC 141/12,001 - TESOURO-DOT.INICIAL E CRED.SUPLEMENTAR,19909911 - OUTRAS RECEITAS - PRIMARIAS - PRINCIPAL,2841688.41,2020-11-21
09000 - SECRETARIA DA SAUDE,00001 - GOVERNO DO ESTADO DE SAO PAULO,090097 - SECRETARIA DA SAUDE - FUNDES - LC 141/12,003 - RECURSOS VINCULADOS-FUNDO ESPECIAL DE DESPES,19901211 - ENCARGOS LEGAIS INSCR. DIV.ATIVA-PRINCIPAL,139286.02,2020-11-21
09000 - SECRETARIA DA SAUDE,00001 - GOVERNO DO ESTADO DE SAO PAULO,090097 - SECRETARIA DA SAUDE - FUNDES - LC 141/12,081 - TESOURO-DOT.INICIAL E CRED.SUPLEMENTAR-INTRA,11130311 - IRRF-IMP. RENDA RET. FTE-TRABALHO-PRINCIPAL,10085723.96,2020-11-21
09000 - SECRETARIA DA SAUDE,00001 - GOVERNO DO ESTADO DE SAO PAULO,090097 - SECRETARIA DA SAUDE - FUNDES - LC 141/12,081 - TESOURO-DOT.INICIAL E CRED.SUPLEMENTAR-INTRA,19909911 - OUTRAS RECEITAS - PRIMARIAS - PRINCIPAL,6903.53,2020-11-21
09000 - SECRETARIA DA SAUDE,00001 - GOVERNO DO ESTADO DE SAO PAULO,090099 - SEC. SAUDE-RAP-APLICACAO NA SAUDE,001 - TESOURO-DOT.INICIAL E CRED.SUPLEMENTAR,13210011 - REMUNERACAO  DEPOSITOS BANCARIOS - PRINCIPAL,43.76,2020-11-21
09000 - SECRETARIA DA SAUDE,00001 - GOVERNO DO ESTADO DE SAO PAULO,090102 - COORD. GERAL ADMINIST. - CGA,001 - TESOURO-DOT.INICIAL E CRED.SUPLEMENTAR,19100111 - MULTAS PREVISTAS LEG. ESPECIFICA-PRINCIPAL,223.94,2020-11-21
09000 - SECRETARIA DA SAUDE,00001 - GOVERNO DO ESTADO DE SAO PAULO,090102 - COORD. GERAL ADMINIST. - CGA,001 - TESOURO-DOT.INICIAL E CRED.SUPLEMENTAR,19909911 - OUTRAS RECEITAS - PRIMARIAS - PRINCIPAL,1980198.0,2020-11-21
09000 - SECRETARIA DA SAUDE,00001 - GOVERNO DO ESTADO DE SAO PAULO,090105 - COORD. RECURSOS HUMANOS - CRH,005 - RECURSOS VINCULADOS FEDERAIS,17180351 - TRANSFERENCIA REC.SUS-GESTAO SUS - PRINCIPAL,178200.56,2020-11-21
09000 - SECRETARIA DA SAUDE,00001 - GOVERNO DO ESTADO DE SAO PAULO,090107 - CTO. VIGILANCIA SANITARIA,001 - TESOURO-DOT.INICIAL E CRED.SUPLEMENTAR,11130341 - IRRF-OUTROS RENDIMENTOS-PRINCIPAL,332.16,2020-11-21
09000 - SECRETARIA DA SAUDE,00001 - GOVERNO DO ESTADO DE SAO PAULO,090110 - CTO. REFERENCIA E TREINAMENTO-DST/AIDS,001 - TESOURO-DOT.INICIAL E CRED.SUPLEMENTAR,11130341 - IRRF-OUTROS RENDIMENTOS-PRINCIPAL,3788.03,2020-11-21
09000 - SECRETARIA DA SAUDE,00001 - GOVERNO DO ESTADO DE SAO PAULO,090110 - CTO. REFERENCIA E TREINAMENTO-DST/AIDS,001 - TESOURO-DOT.INICIAL E CRED.SUPLEMENTAR,13210011 - REMUNERACAO  DEPOSITOS BANCARIOS - PRINCIPAL,15.02,2020-11-21
09000 - SECRETARIA DA SAUDE,00001 - GOVERNO DO ESTADO DE SAO PAULO,090110 - CTO. REFERENCIA E TREINAMENTO-DST/AIDS,001 - TESOURO-DOT.INICIAL E CRED.SUPLEMENTAR,19909911 - OUTRAS RECEITAS - PRIMARIAS - PRINCIPAL,12412.47,2020-11-21
09000 - SECRETARIA DA SAUDE,00001 - GOVERNO DO ESTADO DE SAO PAULO,090110 - CTO. REFERENCIA E TREINAMENTO-DST/AIDS,005 - RECURSOS VINCULADOS FEDERAIS,17180351 - TRANSFERENCIA REC.SUS-GESTAO SUS - PRINCIPAL,1220.67,2020-11-21
09000 - SECRETARIA DA SAUDE,00001 - GOVERNO DO ESTADO DE SAO PAULO,090113 - DEPTO.REG.SAUDE - DRS-II ARACATUBA,001 - TESOURO-DOT.INICIAL E CRED.SUPLEMENTAR,19909911 - OUTRAS RECEITAS - PRIMARIAS - PRINCIPAL,280.6,2020-11-21
09000 - SECRETARIA DA SAUDE,00001 - GOVERNO DO ESTADO DE SAO PAULO,090115 - DEPTO.REG.SAUDE - DRS-VI BAURU,001 - TESOURO-DOT.INICIAL E CRED.SUPLEMENTAR,19909911 - OUTRAS RECEITAS - PRIMARIAS - PRINCIPAL,704.19,2020-11-21
09000 - SECRETARIA DA SAUDE,00001 - GOVERNO DO ESTADO DE SAO PAULO,090116 - DEPTO.REG.SAUDE - DRS-IX MARILIA,001 - TESOURO-DOT.INICIAL E CRED.SUPLEMENTAR,11130341 - IRRF-OUTROS RENDIMENTOS-PRINCIPAL,1360.92,2020-11-21
09000 - SECRETARIA DA SAUDE,00001 - GOVERNO DO ESTADO DE SAO PAULO,090120 - HOSP.EST. DR.OSWALDO B. FARIA -MIRANDOPOLIS,005 - RECURSOS VINCULADOS FEDERAIS,17180351 - TRANSFERENCIA REC.SUS-GESTAO SUS - PRINCIPAL,2677.46,2020-11-21
09000 - SECRETARIA DA SAUDE,00001 - GOVERNO DO ESTADO DE SAO PAULO,"090122 - HOSP. DR.ODILO A.SIQUEIRA, P.PRUDENTE",001 - TESOURO-DOT.INICIAL E CRED.SUPLEMENTAR,19909911 - OUTRAS RECEITAS - PRIMARIAS - PRINCIPAL,639.94,2020-11-21
09000 - SECRETARIA DA SAUDE,00001 - GOVERNO DO ESTADO DE SAO PAULO,090124 - DEPTO.REG.SAUDE - DRS-V BARRETOS,001 - TESOURO-DOT.INICIAL E CRED.SUPLEMENTAR,19909911 - OUTRAS RECEITAS - PRIMARIAS - PRINCIPAL,3848.28,2020-11-21
09000 - SECRETARIA DA SAUDE,00001 - GOVERNO DO ESTADO DE SAO PAULO,090126 - DEPTO.REG.SAUDE DRS-XIII RIB.PRETO,001 - TESOURO-DOT.INICIAL E CRED.SUPLEMENTAR,19909911 - OUTRAS RECEITAS - PRIMARIAS - PRINCIPAL,4316.24,2020-11-21
09000 - SECRETARIA DA SAUDE,00001 - GOVERNO DO ESTADO DE SAO PAULO,090127 - DEPTO.REG.SAUDE - DRS-XV SJRPRETO,001 - TESOURO-DOT.INICIAL E CRED.SUPLEMENTAR,19909911 - OUTRAS RECEITAS - PRIMARIAS - PRINCIPAL,0.03,2020-11-21
09000 - SECRETARIA DA SAUDE,00001 - GOVERNO DO ESTADO DE SAO PAULO,"090129 - HOSP. STA.TEREZA, RIB.PRETO",001 - TESOURO-DOT.INICIAL E CRED.SUPLEMENTAR,19909911 - OUTRAS RECEITAS - PRIMARIAS - PRINCIPAL,750.0,2020-11-21
09000 - SECRETARIA DA SAUDE,00001 - GOVERNO DO ESTADO DE SAO PAULO,090131 - DEPTO.REG.SAUDE - DRS-VII CAMPINAS,001 - TESOURO-DOT.INICIAL E CRED.SUPLEMENTAR,19909911 - OUTRAS RECEITAS - PRIMARIAS - PRINCIPAL,394013.9,2020-11-21
09000 - SECRETARIA DA SAUDE,00001 - GOVERNO DO ESTADO DE SAO PAULO,090132 - DEPTO.REG.SAUDE - DRS-X PIRACICABA,001 - TESOURO-DOT.INICIAL E CRED.SUPLEMENTAR,19909911 - OUTRAS RECEITAS - PRIMARIAS - PRINCIPAL,37335.34,2020-11-21
09000 - SECRETARIA DA SAUDE,00001 - GOVERNO DO ESTADO DE SAO PAULO,090133 - DEPTO.REG.SAUDE - DRS-XIV SJBOA VISTA,001 - TESOURO-DOT.INICIAL E CRED.SUPLEMENTAR,19909911 - OUTRAS RECEITAS - PRIMARIAS - PRINCIPAL,11.92,2020-11-21
09000 - SECRETARIA DA SAUDE,00001 - GOVERNO DO ESTADO DE SAO PAULO,090135 - DEPTO.REG.SAUDE DE TAUBATE - DRS-XVII,001 - TESOURO-DOT.INICIAL E CRED.SUPLEMENTAR,19909911 - OUTRAS RECEITAS - PRIMARIAS - PRINCIPAL,4697.81,2020-11-21
09000 - SECRETARIA DA SAUDE,00001 - GOVERNO DO ESTADO DE SAO PAULO,090137 - DEPTO.REG.SAUDE - DRS-XII REGISTRO,001 - TESOURO-DOT.INICIAL E CRED.SUPLEMENTAR,11130341 - IRRF-OUTROS RENDIMENTOS-PRINCIPAL,164.19,2020-11-21
09000 - SECRETARIA DA SAUDE,00001 - GOVERNO DO ESTADO DE SAO PAULO,090138 - DEPTO.REG.SAUDE - DRS-IV BAIXADA SANTISTA,001 - TESOURO-DOT.INICIAL E CRED.SUPLEMENTAR,19909911 - OUTRAS RECEITAS - PRIMARIAS - PRINCIPAL,699318.92,2020-11-21
09000 - SECRETARIA DA SAUDE,00001 - GOVERNO DO ESTADO DE SAO PAULO,090138 - DEPTO.REG.SAUDE - DRS-IV BAIXADA SANTISTA,005 - RECURSOS VINCULADOS FEDERAIS,17180351 - TRANSFERENCIA REC.SUS-GESTAO SUS - PRINCIPAL,666.89,2020-11-21
09000 - SECRETARIA DA SAUDE,00001 - GOVERNO DO ESTADO DE SAO PAULO,"090141 - HOSP. GUILHERME ALVARO, SANTOS",001 - TESOURO-DOT.INICIAL E CRED.SUPLEMENTAR,11130341 - IRRF-OUTROS RENDIMENTOS-PRINCIPAL,77964.06,2020-11-21
09000 - SECRETARIA DA SAUDE,00001 - GOVERNO DO ESTADO DE SAO PAULO,"090141 - HOSP. GUILHERME ALVARO, SANTOS",001 - TESOURO-DOT.INICIAL E CRED.SUPLEMENTAR,19909911 - OUTRAS RECEITAS - PRIMARIAS - PRINCIPAL,106.66,2020-11-21
09000 - SECRETARIA DA SAUDE,00001 - GOVERNO DO ESTADO DE SAO PAULO,090145 - CAIS - PROF. CANTIDIO DE MOURA CAMPOS,001 - TESOURO-DOT.INICIAL E CRED.SUPLEMENTAR,11130341 - IRRF-OUTROS RENDIMENTOS-PRINCIPAL,4744.07,2020-11-21
09000 - SECRETARIA DA SAUDE,00001 - GOVERNO DO ESTADO DE SAO PAULO,090145 - CAIS - PROF. CANTIDIO DE MOURA CAMPOS,001 - TESOURO-DOT.INICIAL E CRED.SUPLEMENTAR,19909911 - OUTRAS RECEITAS - PRIMARIAS - PRINCIPAL,22.01,2020-11-21
09000 - SECRETARIA DA SAUDE,00001 - GOVERNO DO ESTADO DE SAO PAULO,090146 - CTO. REABILITACAO DE CASA BRANCA,001 - TESOURO-DOT.INICIAL E CRED.SUPLEMENTAR,11130341 - IRRF-OUTROS RENDIMENTOS-PRINCIPAL,7972.78,2020-11-21
09000 - SECRETARIA DA SAUDE,00001 - GOVERNO DO ESTADO DE SAO PAULO,090146 - CTO. REABILITACAO DE CASA BRANCA,001 - TESOURO-DOT.INICIAL E CRED.SUPLEMENTAR,19909911 - OUTRAS RECEITAS - PRIMARIAS - PRINCIPAL,338.28,2020-11-21
09000 - SECRETARIA DA SAUDE,00001 - GOVERNO DO ESTADO DE SAO PAULO,090149 - DEPTO. GERENC. AMBULATORIAL DA CAPITAL-DGAC,001 - TESOURO-DOT.INICIAL E CRED.SUPLEMENTAR,19100111 - MULTAS PREVISTAS LEG. ESPECIFICA-PRINCIPAL,24430.56,2020-11-21
09000 - SECRETARIA DA SAUDE,00001 - GOVERNO DO ESTADO DE SAO PAULO,"090159 - HOSP. GERAL S.MATEUS, DR.MANOEL BIFULCO",001 - TESOURO-DOT.INICIAL E CRED.SUPLEMENTAR,19909911 - OUTRAS RECEITAS - PRIMARIAS - PRINCIPAL,600.0,2020-11-21
09000 - SECRETARIA DA SAUDE,00001 - GOVERNO DO ESTADO DE SAO PAULO,090160 - UN. GESTAO ASSISTENCIAL I-HOSP. HELIOPOLIS,001 - TESOURO-DOT.INICIAL E CRED.SUPLEMENTAR,11130341 - IRRF-OUTROS RENDIMENTOS-PRINCIPAL,87835.3,2020-11-21
09000 - SECRETARIA DA SAUDE,00001 - GOVERNO DO ESTADO DE SAO PAULO,090160 - UN. GESTAO ASSISTENCIAL I-HOSP. HELIOPOLIS,001 - TESOURO-DOT.INICIAL E CRED.SUPLEMENTAR,19909911 - OUTRAS RECEITAS - PRIMARIAS - PRINCIPAL,4759.65,2020-11-21
09000 - SECRETARIA DA SAUDE,00001 - GOVERNO DO ESTADO DE SAO PAULO,090161 - UN. GESTAO ASSISTENCIAL II-HOSP. IPIRANGA,001 - TESOURO-DOT.INICIAL E CRED.SUPLEMENTAR,19909911 - OUTRAS RECEITAS - PRIMARIAS - PRINCIPAL,1100.0,2020-11-21
09000 - SECRETARIA DA SAUDE,00001 - GOVERNO DO ESTADO DE SAO PAULO,090162 - UN. GESTAO ASSIST.III - HOSP.INF.DARCY VARGA,001 - TESOURO-DOT.INICIAL E CRED.SUPLEMENTAR,19909911 - OUTRAS RECEITAS - PRIMARIAS - PRINCIPAL,36023.08,2020-11-21
09000 - SECRETARIA DA SAUDE,00001 - GOVERNO DO ESTADO DE SAO PAULO,090163 - UN. GESTAO ASSIST. IV-HOSP.MAT.L.M.BARROS,001 - TESOURO-DOT.INICIAL E CRED.SUPLEMENTAR,19909911 - OUTRAS RECEITAS - PRIMARIAS - PRINCIPAL,86606.39,2020-11-21
09000 - SECRETARIA DA SAUDE,00001 - GOVERNO DO ESTADO DE SAO PAULO,"090165 - COMPLEXO HOSP.DO JUQUERY, EM FRANCO DA ROCHA",001 - TESOURO-DOT.INICIAL E CRED.SUPLEMENTAR,17180351 - TRANSFERENCIA REC.SUS-GESTAO SUS - PRINCIPAL,115.64,2020-11-21
09000 - SECRETARIA DA SAUDE,00001 - GOVERNO DO ESTADO DE SAO PAULO,"090165 - COMPLEXO HOSP.DO JUQUERY, EM FRANCO DA ROCHA",001 - TESOURO-DOT.INICIAL E CRED.SUPLEMENTAR,19100111 - MULTAS PREVISTAS LEG. ESPECIFICA-PRINCIPAL,417.6,2020-11-21
09000 - SECRETARIA DA SAUDE,00001 - GOVERNO DO ESTADO DE SAO PAULO,"090165 - COMPLEXO HOSP.DO JUQUERY, EM FRANCO DA ROCHA",005 - RECURSOS VINCULADOS FEDERAIS,17180351 - TRANSFERENCIA REC.SUS-GESTAO SUS - PRINCIPAL,58381.02,2020-11-21
09000 - SECRETARIA DA SAUDE,00001 - GOVERNO DO ESTADO DE SAO PAULO,"090166 - HOSP.REG.DR.O.F.COELHO,EM F.DE VASCONCELOS",001 - TESOURO-DOT.INICIAL E CRED.SUPLEMENTAR,11130341 - IRRF-OUTROS RENDIMENTOS-PRINCIPAL,37855.0,2020-11-21
09000 - SECRETARIA DA SAUDE,00001 - GOVERNO DO ESTADO DE SAO PAULO,"090167 - HOSP. REG. DR.VIVALDO M.SIMOES, OSASCO",001 - TESOURO-DOT.INICIAL E CRED.SUPLEMENTAR,19909911 - OUTRAS RECEITAS - PRIMARIAS - PRINCIPAL,113.5,2020-11-21
09000 - SECRETARIA DA SAUDE,00001 - GOVERNO DO ESTADO DE SAO PAULO,090168 - HOSP.MAT.INTERLAGOS-WALDEMAR SEYSSEL-ARRELIA,001 - TESOURO-DOT.INICIAL E CRED.SUPLEMENTAR,19100111 - MULTAS PREVISTAS LEG. ESPECIFICA-PRINCIPAL,9726.94,2020-11-21
09000 - SECRETARIA DA SAUDE,00001 - GOVERNO DO ESTADO DE SAO PAULO,090169 - HOSP. INFANTIL CANDIDO FONTOURA,001 - TESOURO-DOT.INICIAL E CRED.SUPLEMENTAR,19909911 - OUTRAS RECEITAS - PRIMARIAS - PRINCIPAL,69.0,2020-11-21
09000 - SECRETARIA DA SAUDE,00001 - GOVERNO DO ESTADO DE SAO PAULO,090172 - CONJUNTO HOSPITALAR DO MANDAQUI-CHM,001 - TESOURO-DOT.INICIAL E CRED.SUPLEMENTAR,11130341 - IRRF-OUTROS RENDIMENTOS-PRINCIPAL,150913.34,2020-11-21
09000 - SECRETARIA DA SAUDE,00001 - GOVERNO DO ESTADO DE SAO PAULO,090175 - CTO.ESPECIALIZ. REABILITACAO DR. APC-M.CRUZE,001 - TESOURO-DOT.INICIAL E CRED.SUPLEMENTAR,19909911 - OUTRAS RECEITAS - PRIMARIAS - PRINCIPAL,7964.17,2020-11-21
09000 - SECRETARIA DA SAUDE,00001 - GOVERNO DO ESTADO DE SAO PAULO,090176 - GABINETE DO COORDENADOR,001 - TESOURO-DOT.INICIAL E CRED.SUPLEMENTAR,19909911 - OUTRAS RECEITAS - PRIMARIAS - PRINCIPAL,5.23,2020-11-21
09000 - SECRETARIA DA SAUDE,00001 - GOVERNO DO ESTADO DE SAO PAULO,090177 - INSTITUTO ADOLFO LUTZ,005 - RECURSOS VINCULADOS FEDERAIS,17180351 - TRANSFERENCIA REC.SUS-GESTAO SUS - PRINCIPAL,9584.15,2020-11-21
09000 - SECRETARIA DA SAUDE,00001 - GOVERNO DO ESTADO DE SAO PAULO,090178 - INSTITUTO BUTANTAN,001 - TESOURO-DOT.INICIAL E CRED.SUPLEMENTAR,19909911 - OUTRAS RECEITAS - PRIMARIAS - PRINCIPAL,2295.66,2020-11-21
09000 - SECRETARIA DA SAUDE,00001 - GOVERNO DO ESTADO DE SAO PAULO,090181 - INSTITUTO DANTE PAZZANESE DE CARDIOLOGIA,001 - TESOURO-DOT.INICIAL E CRED.SUPLEMENTAR,19909911 - OUTRAS RECEITAS - PRIMARIAS - PRINCIPAL,20059.68,2020-11-21
09000 - SECRETARIA DA SAUDE,00001 - GOVERNO DO ESTADO DE SAO PAULO,"090182 - INST. LAURO DE SOUZA LIMA, EM BAURU",001 - TESOURO-DOT.INICIAL E CRED.SUPLEMENTAR,19909911 - OUTRAS RECEITAS - PRIMARIAS - PRINCIPAL,11984.03,2020-11-21
09000 - SECRETARIA DA SAUDE,00001 - GOVERNO DO ESTADO DE SAO PAULO,090183 - INST. INFECTOLOGIA EMILIO RIBAS,001 - TESOURO-DOT.INICIAL E CRED.SUPLEMENTAR,19909911 - OUTRAS RECEITAS - PRIMARIAS - PRINCIPAL,8.99,2020-11-21
09000 - SECRETARIA DA SAUDE,00001 - GOVERNO DO ESTADO DE SAO PAULO,"090188 - CTO REF. ALCOOL, TABACO E OUTRAS DROGAS",001 - TESOURO-DOT.INICIAL E CRED.SUPLEMENTAR,19909911 - OUTRAS RECEITAS - PRIMARIAS - PRINCIPAL,12577.4,2020-11-21
09000 - SECRETARIA DA SAUDE,00001 - GOVERNO DO ESTADO DE SAO PAULO,090191 - DEPTO.REG.GRANDE SAO PAULO - DRS-I G.S.PAULO,001 - TESOURO-DOT.INICIAL E CRED.SUPLEMENTAR,19909911 - OUTRAS RECEITAS - PRIMARIAS - PRINCIPAL,455.94,2020-11-21
09000 - SECRETARIA DA SAUDE,00001 - GOVERNO DO ESTADO DE SAO PAULO,090192 - GABINETE DO COORDENADOR,001 - TESOURO-DOT.INICIAL E CRED.SUPLEMENTAR,19909911 - OUTRAS RECEITAS - PRIMARIAS - PRINCIPAL,1954661.86,2020-11-21
09000 - SECRETARIA DA SAUDE,00001 - GOVERNO DO ESTADO DE SAO PAULO,090192 - GABINETE DO COORDENADOR,005 - RECURSOS VINCULADOS FEDERAIS,19909911 - OUTRAS RECEITAS - PRIMARIAS - PRINCIPAL,900403.9,2020-11-21
09000 - SECRETARIA DA SAUDE,00001 - GOVERNO DO ESTADO DE SAO PAULO,090193 - GRUPO DE GERENCIAMENTO ADMINISTRATIVO,001 - TESOURO-DOT.INICIAL E CRED.SUPLEMENTAR,19280291 - OUTRAS RESTITUICOES-ESPECIF.E/DF/M-PRINCIPAL,1130.0,2020-11-21
09000 - SECRETARIA DA SAUDE,00001 - GOVERNO DO ESTADO DE SAO PAULO,090193 - GRUPO DE GERENCIAMENTO ADMINISTRATIVO,001 - TESOURO-DOT.INICIAL E CRED.SUPLEMENTAR,19909911 - OUTRAS RECEITAS - PRIMARIAS - PRINCIPAL,62468.3,2020-11-21
09000 - SECRETARIA DA SAUDE,00001 - GOVERNO DO ESTADO DE SAO PAULO,090193 - GRUPO DE GERENCIAMENTO ADMINISTRATIVO,005 - RECURSOS VINCULADOS FEDERAIS,17180351 - TRANSFERENCIA REC.SUS-GESTAO SUS - PRINCIPAL,8423.0,2020-11-21
09000 - SECRETARIA DA SAUDE,00001 - GOVERNO DO ESTADO DE SAO PAULO,090195 - SECR.EXECUTIVA CONSELHO ADMINISTRATIVO-FESIM,001 - TESOURO-DOT.INICIAL E CRED.SUPLEMENTAR,19909911 - OUTRAS RECEITAS - PRIMARIAS - PRINCIPAL,828.0,2020-11-21
09000 - SECRETARIA DA SAUDE,00001 - GOVERNO DO ESTADO DE SAO PAULO,090196 - COORD. DE GESTAO ORCAMENTARIA E FINANCEIRA,001 - TESOURO-DOT.INICIAL E CRED.SUPLEMENTAR,19909911 - OUTRAS RECEITAS - PRIMARIAS - PRINCIPAL,33793843.48,2020-11-21
09000 - SECRETARIA DA SAUDE,00001 - GOVERNO DO ESTADO DE SAO PAULO,090196 - COORD. DE GESTAO ORCAMENTARIA E FINANCEIRA,005 - RECURSOS VINCULADOS FEDERAIS,17180351 - TRANSFERENCIA REC.SUS-GESTAO SUS - PRINCIPAL,6878410.44,2020-11-21
09000 - SECRETARIA DA SAUDE,00001 - GOVERNO DO ESTADO DE SAO PAULO,090201 - GABINETE DO COORDENADOR,001 - TESOURO-DOT.INICIAL E CRED.SUPLEMENTAR,13210011 - REMUNERACAO  DEPOSITOS BANCARIOS - PRINCIPAL,37994.78,2020-11-21
09000 - SECRETARIA DA SAUDE,00001 - GOVERNO DO ESTADO DE SAO PAULO,090201 - GABINETE DO COORDENADOR,001 - TESOURO-DOT.INICIAL E CRED.SUPLEMENTAR,19909911 - OUTRAS RECEITAS - PRIMARIAS - PRINCIPAL,68523.44,2020-11-21
09000 - SECRETARIA DA SAUDE,00001 - GOVERNO DO ESTADO DE SAO PAULO,090201 - GABINETE DO COORDENADOR,041 - TESOURO - CREDITO POR SUPERAVIT FINANCEIRO,13210011 - REMUNERACAO  DEPOSITOS BANCARIOS - PRINCIPAL,1646.59,2020-11-21
09000 - SECRETARIA DA SAUDE,09045 - FUNDACAO PARA O REMEDIO POPULAR,091101 - FUND.P/REMEDIO POPULAR-CHOPIN TAVARES DE LIM,004 - REC.PROPRIO-ADM.IND.-DOT.INIC.CR.SUPL.,13210011 - REMUNERACAO  DEPOSITOS BANCARIOS - PRINCIPAL,25666.67,2020-11-21
09000 - SECRETARIA DA SAUDE,09045 - FUNDACAO PARA O REMEDIO POPULAR,091101 - FUND.P/REMEDIO POPULAR-CHOPIN TAVARES DE LIM,004 - REC.PROPRIO-ADM.IND.-DOT.INIC.CR.SUPL.,15000011 - RECEITA INDUSTRIAL - PRINCIPAL,67797971.77,2020-11-21
09000 - SECRETARIA DA SAUDE,09045 - FUNDACAO PARA O REMEDIO POPULAR,091101 - FUND.P/REMEDIO POPULAR-CHOPIN TAVARES DE LIM,004 - REC.PROPRIO-ADM.IND.-DOT.INIC.CR.SUPL.,17289911 - OUTRAS TRANSFERENCIAS DOS ESTADOS - PRINCIPA,2181984.74,2020-11-21
09000 - SECRETARIA DA SAUDE,09045 - FUNDACAO PARA O REMEDIO POPULAR,091101 - FUND.P/REMEDIO POPULAR-CHOPIN TAVARES DE LIM,004 - REC.PROPRIO-ADM.IND.-DOT.INIC.CR.SUPL.,19280291 - OUTRAS RESTITUICOES-ESPECIF.E/DF/M-PRINCIPAL,2985804.74,2020-11-21
09000 - SECRETARIA DA SAUDE,09045 - FUNDACAO PARA O REMEDIO POPULAR,091101 - FUND.P/REMEDIO POPULAR-CHOPIN TAVARES DE LIM,005 - RECURSOS VINCULADOS FEDERAIS,13210011 - REMUNERACAO  DEPOSITOS BANCARIOS - PRINCIPAL,370137.14,2020-11-21
09000 - SECRETARIA DA SAUDE,09045 - FUNDACAO PARA O REMEDIO POPULAR,091101 - FUND.P/REMEDIO POPULAR-CHOPIN TAVARES DE LIM,005 - RECURSOS VINCULADOS FEDERAIS,17180351 - TRANSFERENCIA REC.SUS-GESTAO SUS - PRINCIPAL,6710902.99,2020-11-21
09000 - SECRETARIA DA SAUDE,09045 - FUNDACAO PARA O REMEDIO POPULAR,091101 - FUND.P/REMEDIO POPULAR-CHOPIN TAVARES DE LIM,005 - RECURSOS VINCULADOS FEDERAIS,19280291 - OUTRAS RESTITUICOES-ESPECIF.E/DF/M-PRINCIPAL,11234.76,2020-11-21
09000 - SECRETARIA DA SAUDE,09046 - FUNDACAO ONCOCENTRO DE SAO PAULO,091201 - FUNDACAO ONCOCENTRO DE SAO PAULO,001 - TESOURO-DOT.INICIAL E CRED.SUPLEMENTAR,19280291 - OUTRAS RESTITUICOES-ESPECIF.E/DF/M-PRINCIPAL,4874.26,2020-11-21
09000 - SECRETARIA DA SAUDE,09046 - FUNDACAO ONCOCENTRO DE SAO PAULO,091201 - FUNDACAO ONCOCENTRO DE SAO PAULO,005 - RECURSOS VINCULADOS FEDERAIS,13210011 - REMUNERACAO  DEPOSITOS BANCARIOS - PRINCIPAL,51863.68,2020-11-21
09000 - SECRETARIA DA SAUDE,09046 - FUNDACAO ONCOCENTRO DE SAO PAULO,091201 - FUNDACAO ONCOCENTRO DE SAO PAULO,005 - RECURSOS VINCULADOS FEDERAIS,17180351 - TRANSFERENCIA REC.SUS-GESTAO SUS - PRINCIPAL,4596000.0,2020-11-21
09000 - SECRETARIA DA SAUDE,09046 - FUNDACAO ONCOCENTRO DE SAO PAULO,091201 - FUNDACAO ONCOCENTRO DE SAO PAULO,005 - RECURSOS VINCULADOS FEDERAIS,19280291 - OUTRAS RESTITUICOES-ESPECIF.E/DF/M-PRINCIPAL,64775.81,2020-11-21
09000 - SECRETARIA DA SAUDE,09046 - FUNDACAO ONCOCENTRO DE SAO PAULO,091284 - FUND.ONCOCENTRO DE SAO PAULO - UGFRP,005 - RECURSOS VINCULADOS FEDERAIS,13210011 - REMUNERACAO  DEPOSITOS BANCARIOS - PRINCIPAL,120.46,2020-11-21
09000 - SECRETARIA DA SAUDE,09047 - FUNDACAO PRO SANGUE HEMOCENTRO DE SAO PAULO,091301 - FUND. PRO-SANGUE HEMOCENTRO SP.,004 - REC.PROPRIO-ADM.IND.-DOT.INIC.CR.SUPL.,13210011 - REMUNERACAO  DEPOSITOS BANCARIOS - PRINCIPAL,104258.89,2020-11-21
09000 - SECRETARIA DA SAUDE,09047 - FUNDACAO PRO SANGUE HEMOCENTRO DE SAO PAULO,091301 - FUND. PRO-SANGUE HEMOCENTRO SP.,004 - REC.PROPRIO-ADM.IND.-DOT.INIC.CR.SUPL.,16380111 - SERVICOS HOSPITALARES - PRINCIPAL,1885345.9,2020-11-21
09000 - SECRETARIA DA SAUDE,09047 - FUNDACAO PRO SANGUE HEMOCENTRO DE SAO PAULO,091301 - FUND. PRO-SANGUE HEMOCENTRO SP.,004 - REC.PROPRIO-ADM.IND.-DOT.INIC.CR.SUPL.,17481011 - OUTRA TRANSF.INST.PRIV. AO E/DF/M-PRINCIPAL,200000.0,2020-11-21
09000 - SECRETARIA DA SAUDE,09047 - FUNDACAO PRO SANGUE HEMOCENTRO DE SAO PAULO,091301 - FUND. PRO-SANGUE HEMOCENTRO SP.,004 - REC.PROPRIO-ADM.IND.-DOT.INIC.CR.SUPL.,19100111 - MULTAS PREVISTAS LEG. ESPECIFICA-PRINCIPAL,324999.75,2020-11-21
09000 - SECRETARIA DA SAUDE,09047 - FUNDACAO PRO SANGUE HEMOCENTRO DE SAO PAULO,091301 - FUND. PRO-SANGUE HEMOCENTRO SP.,004 - REC.PROPRIO-ADM.IND.-DOT.INIC.CR.SUPL.,19909911 - OUTRAS RECEITAS - PRIMARIAS - PRINCIPAL,1124026.73,2020-11-21
09000 - SECRETARIA DA SAUDE,09047 - FUNDACAO PRO SANGUE HEMOCENTRO DE SAO PAULO,091301 - FUND. PRO-SANGUE HEMOCENTRO SP.,005 - RECURSOS VINCULADOS FEDERAIS,13210011 - REMUNERACAO  DEPOSITOS BANCARIOS - PRINCIPAL,267371.01,2020-11-21
09000 - SECRETARIA DA SAUDE,09047 - FUNDACAO PRO SANGUE HEMOCENTRO DE SAO PAULO,091301 - FUND. PRO-SANGUE HEMOCENTRO SP.,005 - RECURSOS VINCULADOS FEDERAIS,17180351 - TRANSFERENCIA REC.SUS-GESTAO SUS - PRINCIPAL,24377454.81,2020-11-21
09000 - SECRETARIA DA SAUDE,09047 - FUNDACAO PRO SANGUE HEMOCENTRO DE SAO PAULO,091301 - FUND. PRO-SANGUE HEMOCENTRO SP.,005 - RECURSOS VINCULADOS FEDERAIS,24181091 - OUTRAS TRANSF.CONVENIOS DA UNIAO-PRINCIPAL,384352.88,2020-11-21
09000 - SECRETARIA DA SAUDE,09047 - FUNDACAO PRO SANGUE HEMOCENTRO DE SAO PAULO,091384 - FUND.PRO-SANGUE HEMOCENTRO SP - UGFRP,004 - REC.PROPRIO-ADM.IND.-DOT.INIC.CR.SUPL.,13210011 - REMUNERACAO  DEPOSITOS BANCARIOS - PRINCIPAL,1017.69,2020-11-21
09000 - SECRETARIA DA SAUDE,09047 - FUNDACAO PRO SANGUE HEMOCENTRO DE SAO PAULO,091384 - FUND.PRO-SANGUE HEMOCENTRO SP - UGFRP,005 - RECURSOS VINCULADOS FEDERAIS,13210011 - REMUNERACAO  DEPOSITOS BANCARIOS - PRINCIPAL,2421.23,2020-11-21
09000 - SECRETARIA DA SAUDE,09047 - FUNDACAO PRO SANGUE HEMOCENTRO DE SAO PAULO,091384 - FUND.PRO-SANGUE HEMOCENTRO SP - UGFRP,005 - RECURSOS VINCULADOS FEDERAIS,17481011 - OUTRA TRANSF.INST.PRIV. AO E/DF/M-PRINCIPAL,221607.34,2020-11-21
09000 - SECRETARIA DA SAUDE,09055 - SUPERINT. DE CONTROLE DE ENDEMIAS,092101 - SUPERIN. DE CONTROLE DE ENDEMIAS-SUCEN,004 - REC.PROPRIO-ADM.IND.-DOT.INIC.CR.SUPL.,13210011 - REMUNERACAO  DEPOSITOS BANCARIOS - PRINCIPAL,3961.52,2020-11-21
09000 - SECRETARIA DA SAUDE,09055 - SUPERINT. DE CONTROLE DE ENDEMIAS,092101 - SUPERIN. DE CONTROLE DE ENDEMIAS-SUCEN,004 - REC.PROPRIO-ADM.IND.-DOT.INIC.CR.SUPL.,16100111 - SERVICO ADMINISTRATIVO/COML.GERAL -PRINCIPAL,2660.48,2020-11-21
09000 - SECRETARIA DA SAUDE,09055 - SUPERINT. DE CONTROLE DE ENDEMIAS,092101 - SUPERIN. DE CONTROLE DE ENDEMIAS-SUCEN,004 - REC.PROPRIO-ADM.IND.-DOT.INIC.CR.SUPL.,17180351 - TRANSFERENCIA REC.SUS-GESTAO SUS - PRINCIPAL,37300.0,2020-11-21
09000 - SECRETARIA DA SAUDE,09055 - SUPERINT. DE CONTROLE DE ENDEMIAS,092101 - SUPERIN. DE CONTROLE DE ENDEMIAS-SUCEN,004 - REC.PROPRIO-ADM.IND.-DOT.INIC.CR.SUPL.,19280291 - OUTRAS RESTITUICOES-ESPECIF.E/DF/M-PRINCIPAL,14535.79,2020-11-21
09000 - SECRETARIA DA SAUDE,09055 - SUPERINT. DE CONTROLE DE ENDEMIAS,092101 - SUPERIN. DE CONTROLE DE ENDEMIAS-SUCEN,005 - RECURSOS VINCULADOS FEDERAIS,13210011 - REMUNERACAO  DEPOSITOS BANCARIOS - PRINCIPAL,19127.62,2020-11-21
09000 - SECRETARIA DA SAUDE,09055 - SUPERINT. DE CONTROLE DE ENDEMIAS,092101 - SUPERIN. DE CONTROLE DE ENDEMIAS-SUCEN,005 - RECURSOS VINCULADOS FEDERAIS,16100111 - SERVICO ADMINISTRATIVO/COML.GERAL -PRINCIPAL,16.7,2020-11-21
09000 - SECRETARIA DA SAUDE,09055 - SUPERINT. DE CONTROLE DE ENDEMIAS,092101 - SUPERIN. DE CONTROLE DE ENDEMIAS-SUCEN,005 - RECURSOS VINCULADOS FEDERAIS,17180351 - TRANSFERENCIA REC.SUS-GESTAO SUS - PRINCIPAL,6552828.0,2020-11-21
09000 - SECRETARIA DA SAUDE,09055 - SUPERINT. DE CONTROLE DE ENDEMIAS,092184 - SUPERIN.CONTROLE DE ENDEMIAS - UGFRP,004 - REC.PROPRIO-ADM.IND.-DOT.INIC.CR.SUPL.,16100111 - SERVICO ADMINISTRATIVO/COML.GERAL -PRINCIPAL,12.6,2020-11-21
09000 - SECRETARIA DA SAUDE,09055 - SUPERINT. DE CONTROLE DE ENDEMIAS,092184 - SUPERIN.CONTROLE DE ENDEMIAS - UGFRP,005 - RECURSOS VINCULADOS FEDERAIS,13210011 - REMUNERACAO  DEPOSITOS BANCARIOS - PRINCIPAL,139.33,2020-11-21
09000 - SECRETARIA DA SAUDE,09055 - SUPERINT. DE CONTROLE DE ENDEMIAS,092184 - SUPERIN.CONTROLE DE ENDEMIAS - UGFRP,005 - RECURSOS VINCULADOS FEDERAIS,16100111 - SERVICO ADMINISTRATIVO/COML.GERAL -PRINCIPAL,0.0,2020-11-21
09000 - SECRETARIA DA SAUDE,09056 - HOSP. DAS CLINICAS DA MED. DE RIBEIRAO PRETO,"092201 - HOSP. DAS CLINICAS, RIB.PRETO",004 - REC.PROPRIO-ADM.IND.-DOT.INIC.CR.SUPL.,13210011 - REMUNERACAO  DEPOSITOS BANCARIOS - PRINCIPAL,26707.3,2020-11-21
09000 - SECRETARIA DA SAUDE,09056 - HOSP. DAS CLINICAS DA MED. DE RIBEIRAO PRETO,"092201 - HOSP. DAS CLINICAS, RIB.PRETO",004 - REC.PROPRIO-ADM.IND.-DOT.INIC.CR.SUPL.,16100111 - SERVICO ADMINISTRATIVO/COML.GERAL -PRINCIPAL,2284.44,2020-11-21
09000 - SECRETARIA DA SAUDE,09056 - HOSP. DAS CLINICAS DA MED. DE RIBEIRAO PRETO,"092201 - HOSP. DAS CLINICAS, RIB.PRETO",004 - REC.PROPRIO-ADM.IND.-DOT.INIC.CR.SUPL.,16909911 - OUTROS SERVICOS - PRINCIPAL,2418.6,2020-11-21
09000 - SECRETARIA DA SAUDE,09056 - HOSP. DAS CLINICAS DA MED. DE RIBEIRAO PRETO,"092201 - HOSP. DAS CLINICAS, RIB.PRETO",004 - REC.PROPRIO-ADM.IND.-DOT.INIC.CR.SUPL.,19909911 - OUTRAS RECEITAS - PRIMARIAS - PRINCIPAL,483731.9,2020-11-21
09000 - SECRETARIA DA SAUDE,09056 - HOSP. DAS CLINICAS DA MED. DE RIBEIRAO PRETO,"092201 - HOSP. DAS CLINICAS, RIB.PRETO",005 - RECURSOS VINCULADOS FEDERAIS,13210011 - REMUNERACAO  DEPOSITOS BANCARIOS - PRINCIPAL,171226.47,2020-11-21
09000 - SECRETARIA DA SAUDE,09056 - HOSP. DAS CLINICAS DA MED. DE RIBEIRAO PRETO,"092201 - HOSP. DAS CLINICAS, RIB.PRETO",005 - RECURSOS VINCULADOS FEDERAIS,17180351 - TRANSFERENCIA REC.SUS-GESTAO SUS - PRINCIPAL,77638656.19,2020-11-21
09000 - SECRETARIA DA SAUDE,09057 - HOSP. DAS CLINICAS DA FAC. MED. DA USP,"092301 - HOSP. DAS CLINICAS, SAO PAULO",001 - TESOURO-DOT.INICIAL E CRED.SUPLEMENTAR,19909911 - OUTRAS RECEITAS - PRIMARIAS - PRINCIPAL,508.06,2020-11-21
09000 - SECRETARIA DA SAUDE,09057 - HOSP. DAS CLINICAS DA FAC. MED. DA USP,"092301 - HOSP. DAS CLINICAS, SAO PAULO",004 - REC.PROPRIO-ADM.IND.-DOT.INIC.CR.SUPL.,13100111 - ALUGUEIS E ARRENDAMENTOS - PRINCIPAL,462335.17,2020-11-21
09000 - SECRETARIA DA SAUDE,09057 - HOSP. DAS CLINICAS DA FAC. MED. DA USP,"092301 - HOSP. DAS CLINICAS, SAO PAULO",004 - REC.PROPRIO-ADM.IND.-DOT.INIC.CR.SUPL.,13210011 - REMUNERACAO  DEPOSITOS BANCARIOS - PRINCIPAL,134410.46,2020-11-21
09000 - SECRETARIA DA SAUDE,09057 - HOSP. DAS CLINICAS DA FAC. MED. DA USP,"092301 - HOSP. DAS CLINICAS, SAO PAULO",004 - REC.PROPRIO-ADM.IND.-DOT.INIC.CR.SUPL.,15000011 - RECEITA INDUSTRIAL - PRINCIPAL,1924.27,2020-11-21
09000 - SECRETARIA DA SAUDE,09057 - HOSP. DAS CLINICAS DA FAC. MED. DA USP,"092301 - HOSP. DAS CLINICAS, SAO PAULO",004 - REC.PROPRIO-ADM.IND.-DOT.INIC.CR.SUPL.,17481011 - OUTRA TRANSF.INST.PRIV. AO E/DF/M-PRINCIPAL,13675.22,2020-11-21
09000 - SECRETARIA DA SAUDE,09057 - HOSP. DAS CLINICAS DA FAC. MED. DA USP,"092301 - HOSP. DAS CLINICAS, SAO PAULO",004 - REC.PROPRIO-ADM.IND.-DOT.INIC.CR.SUPL.,17780191 - OUTRAS TRANSF.PF ESPECIF.E/DF/M N.E.ANT-PRIN,300.0,2020-11-21
09000 - SECRETARIA DA SAUDE,09057 - HOSP. DAS CLINICAS DA FAC. MED. DA USP,"092301 - HOSP. DAS CLINICAS, SAO PAULO",004 - REC.PROPRIO-ADM.IND.-DOT.INIC.CR.SUPL.,19280291 - OUTRAS RESTITUICOES-ESPECIF.E/DF/M-PRINCIPAL,10005.25,2020-11-21
09000 - SECRETARIA DA SAUDE,09057 - HOSP. DAS CLINICAS DA FAC. MED. DA USP,"092301 - HOSP. DAS CLINICAS, SAO PAULO",004 - REC.PROPRIO-ADM.IND.-DOT.INIC.CR.SUPL.,19909911 - OUTRAS RECEITAS - PRIMARIAS - PRINCIPAL,39848.64,2020-11-21
09000 - SECRETARIA DA SAUDE,09057 - HOSP. DAS CLINICAS DA FAC. MED. DA USP,"092301 - HOSP. DAS CLINICAS, SAO PAULO",005 - RECURSOS VINCULADOS FEDERAIS,13210011 - REMUNERACAO  DEPOSITOS BANCARIOS - PRINCIPAL,1393995.52,2020-11-21
09000 - SECRETARIA DA SAUDE,09057 - HOSP. DAS CLINICAS DA FAC. MED. DA USP,"092301 - HOSP. DAS CLINICAS, SAO PAULO",005 - RECURSOS VINCULADOS FEDERAIS,17180351 - TRANSFERENCIA REC.SUS-GESTAO SUS - PRINCIPAL,158322424.35,2020-11-21
09000 - SECRETARIA DA SAUDE,09057 - HOSP. DAS CLINICAS DA FAC. MED. DA USP,"092301 - HOSP. DAS CLINICAS, SAO PAULO",005 - RECURSOS VINCULADOS FEDERAIS,17181091 - OUTRAS TRANSF.CONVENIOS UNIAO - PRINCIPAL,654920.0,2020-11-21
09000 - SECRETARIA DA SAUDE,09057 - HOSP. DAS CLINICAS DA FAC. MED. DA USP,"092301 - HOSP. DAS CLINICAS, SAO PAULO",005 - RECURSOS VINCULADOS FEDERAIS,24180451 - TRANSF.RECURSOS SUS A GESTAO DO SUS-PRINCIPA,1263000.0,2020-11-21
09000 - SECRETARIA DA SAUDE,09057 - HOSP. DAS CLINICAS DA FAC. MED. DA USP,"092301 - HOSP. DAS CLINICAS, SAO PAULO",005 - RECURSOS VINCULADOS FEDERAIS,24181091 - OUTRAS TRANSF.CONVENIOS DA UNIAO-PRINCIPAL,1350471.63,2020-11-21
09000 - SECRETARIA DA SAUDE,09057 - HOSP. DAS CLINICAS DA FAC. MED. DA USP,"092384 - HOSP.DAS CLINICAS, SAO PAULO - UGFRP",001 - TESOURO-DOT.INICIAL E CRED.SUPLEMENTAR,19909911 - OUTRAS RECEITAS - PRIMARIAS - PRINCIPAL,1138.44,2020-11-21
09000 - SECRETARIA DA SAUDE,09057 - HOSP. DAS CLINICAS DA FAC. MED. DA USP,"092397 - HOSP. DAS CLINICAS, SP-FUNDES-LC 141/12",001 - TESOURO-DOT.INICIAL E CRED.SUPLEMENTAR,19909911 - OUTRAS RECEITAS - PRIMARIAS - PRINCIPAL,16244.12,2020-11-21
09000 - SECRETARIA DA SAUDE,"09059 - HOSP. DAS CLINICAS, BOTUCATU","092501 - HOSP. DAS CLINICAS, BOTUCATU",001 - TESOURO-DOT.INICIAL E CRED.SUPLEMENTAR,13210011 - REMUNERACAO  DEPOSITOS BANCARIOS - PRINCIPAL,0.0,2020-11-21
09000 - SECRETARIA DA SAUDE,"09059 - HOSP. DAS CLINICAS, BOTUCATU","092501 - HOSP. DAS CLINICAS, BOTUCATU",004 - REC.PROPRIO-ADM.IND.-DOT.INIC.CR.SUPL.,13210011 - REMUNERACAO  DEPOSITOS BANCARIOS - PRINCIPAL,5470.79,2020-11-21
09000 - SECRETARIA DA SAUDE,"09059 - HOSP. DAS CLINICAS, BOTUCATU","092501 - HOSP. DAS CLINICAS, BOTUCATU",004 - REC.PROPRIO-ADM.IND.-DOT.INIC.CR.SUPL.,16909911 - OUTROS SERVICOS - PRINCIPAL,228093.3,2020-11-21
09000 - SECRETARIA DA SAUDE,"09059 - HOSP. DAS CLINICAS, BOTUCATU","092501 - HOSP. DAS CLINICAS, BOTUCATU",004 - REC.PROPRIO-ADM.IND.-DOT.INIC.CR.SUPL.,17281091 - OUTRAS TRANSF.CONVENIOS ESTADO-PRINCIPAL,39506.0,2020-11-21
09000 - SECRETARIA DA SAUDE,"09059 - HOSP. DAS CLINICAS, BOTUCATU","092501 - HOSP. DAS CLINICAS, BOTUCATU",004 - REC.PROPRIO-ADM.IND.-DOT.INIC.CR.SUPL.,17481011 - OUTRA TRANSF.INST.PRIV. AO E/DF/M-PRINCIPAL,227338.97,2020-11-21
09000 - SECRETARIA DA SAUDE,"09059 - HOSP. DAS CLINICAS, BOTUCATU","092501 - HOSP. DAS CLINICAS, BOTUCATU",004 - REC.PROPRIO-ADM.IND.-DOT.INIC.CR.SUPL.,17780191 - OUTRAS TRANSF.PF ESPECIF.E/DF/M N.E.ANT-PRIN,1000.0,2020-11-21
09000 - SECRETARIA DA SAUDE,"09059 - HOSP. DAS CLINICAS, BOTUCATU","092501 - HOSP. DAS CLINICAS, BOTUCATU",004 - REC.PROPRIO-ADM.IND.-DOT.INIC.CR.SUPL.,19280291 - OUTRAS RESTITUICOES-ESPECIF.E/DF/M-PRINCIPAL,9212.61,2020-11-21
09000 - SECRETARIA DA SAUDE,"09059 - HOSP. DAS CLINICAS, BOTUCATU","092501 - HOSP. DAS CLINICAS, BOTUCATU",004 - REC.PROPRIO-ADM.IND.-DOT.INIC.CR.SUPL.,24181091 - OUTRAS TRANSF.CONVENIOS DA UNIAO-PRINCIPAL,10.0,2020-11-21
09000 - SECRETARIA DA SAUDE,"09059 - HOSP. DAS CLINICAS, BOTUCATU","092501 - HOSP. DAS CLINICAS, BOTUCATU",005 - RECURSOS VINCULADOS FEDERAIS,13210011 - REMUNERACAO  DEPOSITOS BANCARIOS - PRINCIPAL,83058.78,2020-11-21
09000 - SECRETARIA DA SAUDE,"09059 - HOSP. DAS CLINICAS, BOTUCATU","092501 - HOSP. DAS CLINICAS, BOTUCATU",005 - RECURSOS VINCULADOS FEDERAIS,17180351 - TRANSFERENCIA REC.SUS-GESTAO SUS - PRINCIPAL,12265754.8,2020-11-21
09000 - SECRETARIA DA SAUDE,"09059 - HOSP. DAS CLINICAS, BOTUCATU","092501 - HOSP. DAS CLINICAS, BOTUCATU",005 - RECURSOS VINCULADOS FEDERAIS,24181091 - OUTRAS TRANSF.CONVENIOS DA UNIAO-PRINCIPAL,1324793.43,2020-11-21
09000 - SECRETARIA DA SAUDE,09060 - HOSP. CLINICAS FAC.MED.MARILIA - HCFAMEMA,092601 - HOSP. CLINICAS FAC.MED.MARILIA - HCFAMEMA,001 - TESOURO-DOT.INICIAL E CRED.SUPLEMENTAR,11130341 - IRRF-OUTROS RENDIMENTOS-PRINCIPAL,899.13,2020-11-21
09000 - SECRETARIA DA SAUDE,09060 - HOSP. CLINICAS FAC.MED.MARILIA - HCFAMEMA,092601 - HOSP. CLINICAS FAC.MED.MARILIA - HCFAMEMA,001 - TESOURO-DOT.INICIAL E CRED.SUPLEMENTAR,19100111 - MULTAS PREVISTAS LEG. ESPECIFICA-PRINCIPAL,742.68,2020-11-21
09000 - SECRETARIA DA SAUDE,09060 - HOSP. CLINICAS FAC.MED.MARILIA - HCFAMEMA,092601 - HOSP. CLINICAS FAC.MED.MARILIA - HCFAMEMA,001 - TESOURO-DOT.INICIAL E CRED.SUPLEMENTAR,19909911 - OUTRAS RECEITAS - PRIMARIAS - PRINCIPAL,4907.33,2020-11-21
09000 - SECRETARIA DA SAUDE,09060 - HOSP. CLINICAS FAC.MED.MARILIA - HCFAMEMA,092601 - HOSP. CLINICAS FAC.MED.MARILIA - HCFAMEMA,004 - REC.PROPRIO-ADM.IND.-DOT.INIC.CR.SUPL.,13210011 - REMUNERACAO  DEPOSITOS BANCARIOS - PRINCIPAL,1952.13,2020-11-21
09000 - SECRETARIA DA SAUDE,09060 - HOSP. CLINICAS FAC.MED.MARILIA - HCFAMEMA,092601 - HOSP. CLINICAS FAC.MED.MARILIA - HCFAMEMA,004 - REC.PROPRIO-ADM.IND.-DOT.INIC.CR.SUPL.,17481011 - OUTRA TRANSF.INST.PRIV. AO E/DF/M-PRINCIPAL,353819.33,2020-11-21
09000 - SECRETARIA DA SAUDE,09060 - HOSP. CLINICAS FAC.MED.MARILIA - HCFAMEMA,092601 - HOSP. CLINICAS FAC.MED.MARILIA - HCFAMEMA,004 - REC.PROPRIO-ADM.IND.-DOT.INIC.CR.SUPL.,19909911 - OUTRAS RECEITAS - PRIMARIAS - PRINCIPAL,6782.72,2020-11-21
09000 - SECRETARIA DA SAUDE,09060 - HOSP. CLINICAS FAC.MED.MARILIA - HCFAMEMA,092601 - HOSP. CLINICAS FAC.MED.MARILIA - HCFAMEMA,005 - RECURSOS VINCULADOS FEDERAIS,13210011 - REMUNERACAO  DEPOSITOS BANCARIOS - PRINCIPAL,107.99,2020-11-21
09000 - SECRETARIA DA SAUDE,09060 - HOSP. CLINICAS FAC.MED.MARILIA - HCFAMEMA,092601 - HOSP. CLINICAS FAC.MED.MARILIA - HCFAMEMA,005 - RECURSOS VINCULADOS FEDERAIS,17180351 - TRANSFERENCIA REC.SUS-GESTAO SUS - PRINCIPAL,2656405.82,2020-11-21
09000 - SECRETARIA DA SAUDE,09060 - HOSP. CLINICAS FAC.MED.MARILIA - HCFAMEMA,092601 - HOSP. CLINICAS FAC.MED.MARILIA - HCFAMEMA,005 - RECURSOS VINCULADOS FEDERAIS,24181091 - OUTRAS TRANSF.CONVENIOS DA UNIAO-PRINCIPAL,368399.0,2020-11-21
10000 - SECR. DESENV. ECONOMICO,00001 - GOVERNO DO ESTADO DE SAO PAULO,100001 - SECR. DESENV. ECONOMICO,001 - TESOURO-DOT.INICIAL E CRED.SUPLEMENTAR,13210011 - REMUNERACAO  DEPOSITOS BANCARIOS - PRINCIPAL,830.77,2020-11-21
10000 - SECR. DESENV. ECONOMICO,00001 - GOVERNO DO ESTADO DE SAO PAULO,100001 - SECR. DESENV. ECONOMICO,001 - TESOURO-DOT.INICIAL E CRED.SUPLEMENTAR,19280291 - OUTRAS RESTITUICOES-ESPECIF.E/DF/M-PRINCIPAL,736785.33,2020-11-21
10000 - SECR. DESENV. ECONOMICO,00001 - GOVERNO DO ESTADO DE SAO PAULO,100101 - GABINETE DO SECRETARIO,001 - TESOURO-DOT.INICIAL E CRED.SUPLEMENTAR,19280291 - OUTRAS RESTITUICOES-ESPECIF.E/DF/M-PRINCIPAL,4720.0,2020-11-21
10000 - SECR. DESENV. ECONOMICO,00001 - GOVERNO DO ESTADO DE SAO PAULO,100101 - GABINETE DO SECRETARIO,002 - RECURSOS VINCULADOS ESTADUAIS,12180111 - CPSSS - SERVIDOR CIVIL  ATIVO - PRINCIPAL,413421.0,2020-11-21
10000 - SECR. DESENV. ECONOMICO,00001 - GOVERNO DO ESTADO DE SAO PAULO,"100112 - COORD. CIENCIA, TECNOLOGIA E INOVACAO",001 - TESOURO-DOT.INICIAL E CRED.SUPLEMENTAR,19280291 - OUTRAS RESTITUICOES-ESPECIF.E/DF/M-PRINCIPAL,642823.04,2020-11-21
10000 - SECR. DESENV. ECONOMICO,00001 - GOVERNO DO ESTADO DE SAO PAULO,100113 - UN. GERENCIAMENTO DO PROGRAMA-UGP,007 - OP.CRED.E CONTRIB.DO EXTERIOR-DOT.INIC.CR.SU,13210011 - REMUNERACAO  DEPOSITOS BANCARIOS - PRINCIPAL,4939.67,2020-11-21
10000 - SECR. DESENV. ECONOMICO,00001 - GOVERNO DO ESTADO DE SAO PAULO,100113 - UN. GERENCIAMENTO DO PROGRAMA-UGP,047 - REC.OPERAC. DE CREDITO-P/SUPERAVIT FINANCEIR,13210011 - REMUNERACAO  DEPOSITOS BANCARIOS - PRINCIPAL,4629.89,2020-11-21
10000 - SECR. DESENV. ECONOMICO,00001 - GOVERNO DO ESTADO DE SAO PAULO,"100115 - COORD.ENSINO TEC.,TECON. E PROFISSIONALIZANT",001 - TESOURO-DOT.INICIAL E CRED.SUPLEMENTAR,19280291 - OUTRAS RESTITUICOES-ESPECIF.E/DF/M-PRINCIPAL,1346089.88,2020-11-21
10000 - SECR. DESENV. ECONOMICO,10046 - FUND.UNIVERSIDADE VIRTUAL DO EST.S.PAULO,101301 - FUND.UNIVERSIDADE VIRTUAL DO EST.S.PAULO,001 - TESOURO-DOT.INICIAL E CRED.SUPLEMENTAR,19909911 - OUTRAS RECEITAS - PRIMARIAS - PRINCIPAL,2138.01,2020-11-21
10000 - SECR. DESENV. ECONOMICO,10046 - FUND.UNIVERSIDADE VIRTUAL DO EST.S.PAULO,101301 - FUND.UNIVERSIDADE VIRTUAL DO EST.S.PAULO,004 - REC.PROPRIO-ADM.IND.-DOT.INIC.CR.SUPL.,13210011 - REMUNERACAO  DEPOSITOS BANCARIOS - PRINCIPAL,56943.04,2020-11-21
10000 - SECR. DESENV. ECONOMICO,10046 - FUND.UNIVERSIDADE VIRTUAL DO EST.S.PAULO,101301 - FUND.UNIVERSIDADE VIRTUAL DO EST.S.PAULO,004 - REC.PROPRIO-ADM.IND.-DOT.INIC.CR.SUPL.,16909911 - OUTROS SERVICOS - PRINCIPAL,2495579.13,2020-11-21
10000 - SECR. DESENV. ECONOMICO,10047 - FUNDACAO AMPARO PESQUISA DO EST. DE SAO PAULO,101101 - FUND. AMPARO DE PESQ. EST.SP.,004 - REC.PROPRIO-ADM.IND.-DOT.INIC.CR.SUPL.,13100111 - ALUGUEIS E ARRENDAMENTOS - PRINCIPAL,330750.0,2020-11-21
10000 - SECR. DESENV. ECONOMICO,10047 - FUNDACAO AMPARO PESQUISA DO EST. DE SAO PAULO,101101 - FUND. AMPARO DE PESQ. EST.SP.,004 - REC.PROPRIO-ADM.IND.-DOT.INIC.CR.SUPL.,13210011 - REMUNERACAO  DEPOSITOS BANCARIOS - PRINCIPAL,19531697.27,2020-11-21
10000 - SECR. DESENV. ECONOMICO,10047 - FUNDACAO AMPARO PESQUISA DO EST. DE SAO PAULO,101101 - FUND. AMPARO DE PESQ. EST.SP.,004 - REC.PROPRIO-ADM.IND.-DOT.INIC.CR.SUPL.,19280291 - OUTRAS RESTITUICOES-ESPECIF.E/DF/M-PRINCIPAL,1483431.26,2020-11-21
10000 - SECR. DESENV. ECONOMICO,10047 - FUNDACAO AMPARO PESQUISA DO EST. DE SAO PAULO,101101 - FUND. AMPARO DE PESQ. EST.SP.,004 - REC.PROPRIO-ADM.IND.-DOT.INIC.CR.SUPL.,19909911 - OUTRAS RECEITAS - PRIMARIAS - PRINCIPAL,350724.06,2020-11-21
10000 - SECR. DESENV. ECONOMICO,10047 - FUNDACAO AMPARO PESQUISA DO EST. DE SAO PAULO,101101 - FUND. AMPARO DE PESQ. EST.SP.,005 - RECURSOS VINCULADOS FEDERAIS,13210011 - REMUNERACAO  DEPOSITOS BANCARIOS - PRINCIPAL,1030094.94,2020-11-21
10000 - SECR. DESENV. ECONOMICO,10047 - FUNDACAO AMPARO PESQUISA DO EST. DE SAO PAULO,101101 - FUND. AMPARO DE PESQ. EST.SP.,005 - RECURSOS VINCULADOS FEDERAIS,17181091 - OUTRAS TRANSF.CONVENIOS UNIAO - PRINCIPAL,3000000.0,2020-11-21
10000 - SECR. DESENV. ECONOMICO,10047 - FUNDACAO AMPARO PESQUISA DO EST. DE SAO PAULO,101101 - FUND. AMPARO DE PESQ. EST.SP.,006 - OUTRAS FONTES DE RECURSOS,19909911 - OUTRAS RECEITAS - PRIMARIAS - PRINCIPAL,0.0,2020-11-21
10000 - SECR. DESENV. ECONOMICO,10058 - UNIVERSIDADE DE SAO PAULO,102101 - UNIVERSIDADE DE SAO PAULO,004 - REC.PROPRIO-ADM.IND.-DOT.INIC.CR.SUPL.,13100111 - ALUGUEIS E ARRENDAMENTOS - PRINCIPAL,6990995.75,2020-11-21
10000 - SECR. DESENV. ECONOMICO,10058 - UNIVERSIDADE DE SAO PAULO,102101 - UNIVERSIDADE DE SAO PAULO,004 - REC.PROPRIO-ADM.IND.-DOT.INIC.CR.SUPL.,13210011 - REMUNERACAO  DEPOSITOS BANCARIOS - PRINCIPAL,27042236.99,2020-11-21
10000 - SECR. DESENV. ECONOMICO,10058 - UNIVERSIDADE DE SAO PAULO,102101 - UNIVERSIDADE DE SAO PAULO,004 - REC.PROPRIO-ADM.IND.-DOT.INIC.CR.SUPL.,13220011 - DIVIDENDOS - PRINCIPAL,596.85,2020-11-21
10000 - SECR. DESENV. ECONOMICO,10058 - UNIVERSIDADE DE SAO PAULO,102101 - UNIVERSIDADE DE SAO PAULO,004 - REC.PROPRIO-ADM.IND.-DOT.INIC.CR.SUPL.,13600111 - CESSAO DIREITO OPERACIONAL.PAGTOS- PRINCIPAL,2432.9,2020-11-21
10000 - SECR. DESENV. ECONOMICO,10058 - UNIVERSIDADE DE SAO PAULO,102101 - UNIVERSIDADE DE SAO PAULO,004 - REC.PROPRIO-ADM.IND.-DOT.INIC.CR.SUPL.,16909911 - OUTROS SERVICOS - PRINCIPAL,116305655.64,2020-11-21
10000 - SECR. DESENV. ECONOMICO,10058 - UNIVERSIDADE DE SAO PAULO,102101 - UNIVERSIDADE DE SAO PAULO,004 - REC.PROPRIO-ADM.IND.-DOT.INIC.CR.SUPL.,17281021 - TRANSF.CONVENIO ESTADO AO PROG.EDUCACAO-PRIN,818654.99,2020-11-21
10000 - SECR. DESENV. ECONOMICO,10058 - UNIVERSIDADE DE SAO PAULO,102101 - UNIVERSIDADE DE SAO PAULO,004 - REC.PROPRIO-ADM.IND.-DOT.INIC.CR.SUPL.,17481011 - OUTRA TRANSF.INST.PRIV. AO E/DF/M-PRINCIPAL,3775581.24,2020-11-21
10000 - SECR. DESENV. ECONOMICO,10058 - UNIVERSIDADE DE SAO PAULO,102101 - UNIVERSIDADE DE SAO PAULO,004 - REC.PROPRIO-ADM.IND.-DOT.INIC.CR.SUPL.,19280291 - OUTRAS RESTITUICOES-ESPECIF.E/DF/M-PRINCIPAL,26846845.15,2020-11-21
10000 - SECR. DESENV. ECONOMICO,10058 - UNIVERSIDADE DE SAO PAULO,102101 - UNIVERSIDADE DE SAO PAULO,004 - REC.PROPRIO-ADM.IND.-DOT.INIC.CR.SUPL.,22130011 - ALIENACAO BENS MOVEIS/SEMOVENTES- PRINCIPAL,338650.0,2020-11-21
10000 - SECR. DESENV. ECONOMICO,10058 - UNIVERSIDADE DE SAO PAULO,102101 - UNIVERSIDADE DE SAO PAULO,004 - REC.PROPRIO-ADM.IND.-DOT.INIC.CR.SUPL.,22200011 - ALIENACAO DE BENS IMOVEIS - PRINCIPAL,348836.94,2020-11-21
10000 - SECR. DESENV. ECONOMICO,10058 - UNIVERSIDADE DE SAO PAULO,102101 - UNIVERSIDADE DE SAO PAULO,004 - REC.PROPRIO-ADM.IND.-DOT.INIC.CR.SUPL.,24281021 - TRANSF.CONVENIO ESTADOS AO PROG. EDUC-PRINC,146.31,2020-11-21
10000 - SECR. DESENV. ECONOMICO,10058 - UNIVERSIDADE DE SAO PAULO,102101 - UNIVERSIDADE DE SAO PAULO,004 - REC.PROPRIO-ADM.IND.-DOT.INIC.CR.SUPL.,29900011 - DEMAIS RECEITAS DE CAPITAL - PRINCIPAL,3521704.58,2020-11-21
10000 - SECR. DESENV. ECONOMICO,10058 - UNIVERSIDADE DE SAO PAULO,102101 - UNIVERSIDADE DE SAO PAULO,005 - RECURSOS VINCULADOS FEDERAIS,13210011 - REMUNERACAO  DEPOSITOS BANCARIOS - PRINCIPAL,381538.75,2020-11-21
10000 - SECR. DESENV. ECONOMICO,10058 - UNIVERSIDADE DE SAO PAULO,102101 - UNIVERSIDADE DE SAO PAULO,005 - RECURSOS VINCULADOS FEDERAIS,17181091 - OUTRAS TRANSF.CONVENIOS UNIAO - PRINCIPAL,6773718.99,2020-11-21
10000 - SECR. DESENV. ECONOMICO,10058 - UNIVERSIDADE DE SAO PAULO,102101 - UNIVERSIDADE DE SAO PAULO,005 - RECURSOS VINCULADOS FEDERAIS,19280291 - OUTRAS RESTITUICOES-ESPECIF.E/DF/M-PRINCIPAL,16075.05,2020-11-21
10000 - SECR. DESENV. ECONOMICO,10058 - UNIVERSIDADE DE SAO PAULO,102101 - UNIVERSIDADE DE SAO PAULO,005 - RECURSOS VINCULADOS FEDERAIS,24181091 - OUTRAS TRANSF.CONVENIOS DA UNIAO-PRINCIPAL,3319379.3,2020-11-21
10000 - SECR. DESENV. ECONOMICO,10058 - UNIVERSIDADE DE SAO PAULO,102101 - UNIVERSIDADE DE SAO PAULO,081 - TESOURO-DOT.INICIAL E CRED.SUPLEMENTAR-INTRA,76380191 - OUTROS SERVICOS DE SAUDE-PRINCIPAL INTRA,258223253.0,2020-11-21
10000 - SECR. DESENV. ECONOMICO,10058 - UNIVERSIDADE DE SAO PAULO,102101 - UNIVERSIDADE DE SAO PAULO,081 - TESOURO-DOT.INICIAL E CRED.SUPLEMENTAR-INTRA,77289911 - TRANSF.INTRA COVID,1486596.26,2020-11-21
10000 - SECR. DESENV. ECONOMICO,10059 - UNIVERSIDADE ESTADUAL DE CAMPINAS,102201 - UNIVERSIDADE ESTADUAL DE CAMPINAS,002 - RECURSOS VINCULADOS ESTADUAIS,19220511 - RESTITUICAO DE CONTRIB.PREVID.COMPLEMENTARES,76152.74,2020-11-21
10000 - SECR. DESENV. ECONOMICO,10059 - UNIVERSIDADE ESTADUAL DE CAMPINAS,102201 - UNIVERSIDADE ESTADUAL DE CAMPINAS,004 - REC.PROPRIO-ADM.IND.-DOT.INIC.CR.SUPL.,11220111 - TAXA PELA  PRESTACAO DE SERVICOS-PRINCIPAL,686695.54,2020-11-21
10000 - SECR. DESENV. ECONOMICO,10059 - UNIVERSIDADE ESTADUAL DE CAMPINAS,102201 - UNIVERSIDADE ESTADUAL DE CAMPINAS,004 - REC.PROPRIO-ADM.IND.-DOT.INIC.CR.SUPL.,13100111 - ALUGUEIS E ARRENDAMENTOS - PRINCIPAL,1765406.32,2020-11-21
10000 - SECR. DESENV. ECONOMICO,10059 - UNIVERSIDADE ESTADUAL DE CAMPINAS,102201 - UNIVERSIDADE ESTADUAL DE CAMPINAS,004 - REC.PROPRIO-ADM.IND.-DOT.INIC.CR.SUPL.,13210011 - REMUNERACAO  DEPOSITOS BANCARIOS - PRINCIPAL,8802636.53,2020-11-21
10000 - SECR. DESENV. ECONOMICO,10059 - UNIVERSIDADE ESTADUAL DE CAMPINAS,102201 - UNIVERSIDADE ESTADUAL DE CAMPINAS,004 - REC.PROPRIO-ADM.IND.-DOT.INIC.CR.SUPL.,13500111 - DIR.USO OU EXPL.DE CRIACAO-INST.CIENT.E TECN,584383.35,2020-11-21
10000 - SECR. DESENV. ECONOMICO,10059 - UNIVERSIDADE ESTADUAL DE CAMPINAS,102201 - UNIVERSIDADE ESTADUAL DE CAMPINAS,004 - REC.PROPRIO-ADM.IND.-DOT.INIC.CR.SUPL.,13600111 - CESSAO DIREITO OPERACIONAL.PAGTOS- PRINCIPAL,3935825.54,2020-11-21
10000 - SECR. DESENV. ECONOMICO,10059 - UNIVERSIDADE ESTADUAL DE CAMPINAS,102201 - UNIVERSIDADE ESTADUAL DE CAMPINAS,004 - REC.PROPRIO-ADM.IND.-DOT.INIC.CR.SUPL.,14000011 - RECEITA AGROPECUARIA - PRINCIPAL,25114.8,2020-11-21
10000 - SECR. DESENV. ECONOMICO,10059 - UNIVERSIDADE ESTADUAL DE CAMPINAS,102201 - UNIVERSIDADE ESTADUAL DE CAMPINAS,004 - REC.PROPRIO-ADM.IND.-DOT.INIC.CR.SUPL.,16100111 - SERVICO ADMINISTRATIVO/COML.GERAL -PRINCIPAL,4415.0,2020-11-21
10000 - SECR. DESENV. ECONOMICO,10059 - UNIVERSIDADE ESTADUAL DE CAMPINAS,102201 - UNIVERSIDADE ESTADUAL DE CAMPINAS,004 - REC.PROPRIO-ADM.IND.-DOT.INIC.CR.SUPL.,16100211 - INSCRICAO CONCURSO/PROC.SELETIVOS- PRINCIPAL,1439477.5,2020-11-21
10000 - SECR. DESENV. ECONOMICO,10059 - UNIVERSIDADE ESTADUAL DE CAMPINAS,102201 - UNIVERSIDADE ESTADUAL DE CAMPINAS,004 - REC.PROPRIO-ADM.IND.-DOT.INIC.CR.SUPL.,16380191 - OUTROS SERVICOS DE SAUDE - PRINCIPAL,469798890.23,2020-11-21
10000 - SECR. DESENV. ECONOMICO,10059 - UNIVERSIDADE ESTADUAL DE CAMPINAS,102201 - UNIVERSIDADE ESTADUAL DE CAMPINAS,004 - REC.PROPRIO-ADM.IND.-DOT.INIC.CR.SUPL.,16909911 - OUTROS SERVICOS - PRINCIPAL,4302523.11,2020-11-21
10000 - SECR. DESENV. ECONOMICO,10059 - UNIVERSIDADE ESTADUAL DE CAMPINAS,102201 - UNIVERSIDADE ESTADUAL DE CAMPINAS,004 - REC.PROPRIO-ADM.IND.-DOT.INIC.CR.SUPL.,17481011 - OUTRA TRANSF.INST.PRIV. AO E/DF/M-PRINCIPAL,40277071.8,2020-11-21
10000 - SECR. DESENV. ECONOMICO,10059 - UNIVERSIDADE ESTADUAL DE CAMPINAS,102201 - UNIVERSIDADE ESTADUAL DE CAMPINAS,004 - REC.PROPRIO-ADM.IND.-DOT.INIC.CR.SUPL.,17681011 - OUTRAS TRANSF.CONVENIOS EXTERIOR-PRINCIPAL,3308129.24,2020-11-21
10000 - SECR. DESENV. ECONOMICO,10059 - UNIVERSIDADE ESTADUAL DE CAMPINAS,102201 - UNIVERSIDADE ESTADUAL DE CAMPINAS,004 - REC.PROPRIO-ADM.IND.-DOT.INIC.CR.SUPL.,19100111 - MULTAS PREVISTAS LEG. ESPECIFICA-PRINCIPAL,22.58,2020-11-21
10000 - SECR. DESENV. ECONOMICO,10059 - UNIVERSIDADE ESTADUAL DE CAMPINAS,102201 - UNIVERSIDADE ESTADUAL DE CAMPINAS,004 - REC.PROPRIO-ADM.IND.-DOT.INIC.CR.SUPL.,19100911 - MULTAS JUROS PREVISTOS EM CONTRATOS-PRINCIPA,99580.53,2020-11-21
10000 - SECR. DESENV. ECONOMICO,10059 - UNIVERSIDADE ESTADUAL DE CAMPINAS,102201 - UNIVERSIDADE ESTADUAL DE CAMPINAS,004 - REC.PROPRIO-ADM.IND.-DOT.INIC.CR.SUPL.,19210111 - INDENIZACAO DANOS CAUSADOS A PATRIM.PUB-PRIN,107352.53,2020-11-21
10000 - SECR. DESENV. ECONOMICO,10059 - UNIVERSIDADE ESTADUAL DE CAMPINAS,102201 - UNIVERSIDADE ESTADUAL DE CAMPINAS,004 - REC.PROPRIO-ADM.IND.-DOT.INIC.CR.SUPL.,19280111 - INDENIZAC,1043578.83,2020-11-21
10000 - SECR. DESENV. ECONOMICO,10059 - UNIVERSIDADE ESTADUAL DE CAMPINAS,102201 - UNIVERSIDADE ESTADUAL DE CAMPINAS,004 - REC.PROPRIO-ADM.IND.-DOT.INIC.CR.SUPL.,19280291 - OUTRAS RESTITUICOES-ESPECIF.E/DF/M-PRINCIPAL,13653140.38,2020-11-21
10000 - SECR. DESENV. ECONOMICO,10059 - UNIVERSIDADE ESTADUAL DE CAMPINAS,102201 - UNIVERSIDADE ESTADUAL DE CAMPINAS,004 - REC.PROPRIO-ADM.IND.-DOT.INIC.CR.SUPL.,19901211 - ENCARGOS LEGAIS INSCR. DIV.ATIVA-PRINCIPAL,19764.36,2020-11-21
10000 - SECR. DESENV. ECONOMICO,10059 - UNIVERSIDADE ESTADUAL DE CAMPINAS,102201 - UNIVERSIDADE ESTADUAL DE CAMPINAS,004 - REC.PROPRIO-ADM.IND.-DOT.INIC.CR.SUPL.,19909911 - OUTRAS RECEITAS - PRIMARIAS - PRINCIPAL,1364630.17,2020-11-21
10000 - SECR. DESENV. ECONOMICO,10059 - UNIVERSIDADE ESTADUAL DE CAMPINAS,102201 - UNIVERSIDADE ESTADUAL DE CAMPINAS,004 - REC.PROPRIO-ADM.IND.-DOT.INIC.CR.SUPL.,22130011 - ALIENACAO BENS MOVEIS/SEMOVENTES- PRINCIPAL,6609.2,2020-11-21
10000 - SECR. DESENV. ECONOMICO,10059 - UNIVERSIDADE ESTADUAL DE CAMPINAS,102201 - UNIVERSIDADE ESTADUAL DE CAMPINAS,005 - RECURSOS VINCULADOS FEDERAIS,13210011 - REMUNERACAO  DEPOSITOS BANCARIOS - PRINCIPAL,771456.47,2020-11-21
10000 - SECR. DESENV. ECONOMICO,10059 - UNIVERSIDADE ESTADUAL DE CAMPINAS,102201 - UNIVERSIDADE ESTADUAL DE CAMPINAS,005 - RECURSOS VINCULADOS FEDERAIS,17181091 - OUTRAS TRANSF.CONVENIOS UNIAO - PRINCIPAL,8117455.98,2020-11-21
10000 - SECR. DESENV. ECONOMICO,10059 - UNIVERSIDADE ESTADUAL DE CAMPINAS,102201 - UNIVERSIDADE ESTADUAL DE CAMPINAS,005 - RECURSOS VINCULADOS FEDERAIS,19909911 - OUTRAS RECEITAS - PRIMARIAS - PRINCIPAL,87857.58,2020-11-21
10000 - SECR. DESENV. ECONOMICO,10059 - UNIVERSIDADE ESTADUAL DE CAMPINAS,102201 - UNIVERSIDADE ESTADUAL DE CAMPINAS,005 - RECURSOS VINCULADOS FEDERAIS,24181091 - OUTRAS TRANSF.CONVENIOS DA UNIAO-PRINCIPAL,1879059.47,2020-11-21
10000 - SECR. DESENV. ECONOMICO,10059 - UNIVERSIDADE ESTADUAL DE CAMPINAS,102201 - UNIVERSIDADE ESTADUAL DE CAMPINAS,081 - TESOURO-DOT.INICIAL E CRED.SUPLEMENTAR-INTRA,76380191 - OUTROS SERVICOS DE SAUDE-PRINCIPAL INTRA,243795292.58,2020-11-21
10000 - SECR. DESENV. ECONOMICO,10059 - UNIVERSIDADE ESTADUAL DE CAMPINAS,102201 - UNIVERSIDADE ESTADUAL DE CAMPINAS,081 - TESOURO-DOT.INICIAL E CRED.SUPLEMENTAR-INTRA,89900011 - DEMAIS RECEITAS DE CAPITAL-PRINCIPAL INTRA,658456.41,2020-11-21
10000 - SECR. DESENV. ECONOMICO,10061 - UNIVERSIDADE EST. PAUL. JULIO MESQUITA FILHO,"102301 - UNIV.EST.PAULISTA, JULIO MESQUITA FILHO",004 - REC.PROPRIO-ADM.IND.-DOT.INIC.CR.SUPL.,13100111 - ALUGUEIS E ARRENDAMENTOS - PRINCIPAL,2046800.14,2020-11-21
10000 - SECR. DESENV. ECONOMICO,10061 - UNIVERSIDADE EST. PAUL. JULIO MESQUITA FILHO,"102301 - UNIV.EST.PAULISTA, JULIO MESQUITA FILHO",004 - REC.PROPRIO-ADM.IND.-DOT.INIC.CR.SUPL.,13210011 - REMUNERACAO  DEPOSITOS BANCARIOS - PRINCIPAL,3588934.92,2020-11-21
10000 - SECR. DESENV. ECONOMICO,10061 - UNIVERSIDADE EST. PAUL. JULIO MESQUITA FILHO,"102301 - UNIV.EST.PAULISTA, JULIO MESQUITA FILHO",004 - REC.PROPRIO-ADM.IND.-DOT.INIC.CR.SUPL.,13600111 - CESSAO DIREITO OPERACIONAL.PAGTOS- PRINCIPAL,4472545.25,2020-11-21
10000 - SECR. DESENV. ECONOMICO,10061 - UNIVERSIDADE EST. PAUL. JULIO MESQUITA FILHO,"102301 - UNIV.EST.PAULISTA, JULIO MESQUITA FILHO",004 - REC.PROPRIO-ADM.IND.-DOT.INIC.CR.SUPL.,14000011 - RECEITA AGROPECUARIA - PRINCIPAL,616764.36,2020-11-21
10000 - SECR. DESENV. ECONOMICO,10061 - UNIVERSIDADE EST. PAUL. JULIO MESQUITA FILHO,"102301 - UNIV.EST.PAULISTA, JULIO MESQUITA FILHO",004 - REC.PROPRIO-ADM.IND.-DOT.INIC.CR.SUPL.,16100111 - SERVICO ADMINISTRATIVO/COML.GERAL -PRINCIPAL,115340.86,2020-11-21
10000 - SECR. DESENV. ECONOMICO,10061 - UNIVERSIDADE EST. PAUL. JULIO MESQUITA FILHO,"102301 - UNIV.EST.PAULISTA, JULIO MESQUITA FILHO",004 - REC.PROPRIO-ADM.IND.-DOT.INIC.CR.SUPL.,16380111 - SERVICOS HOSPITALARES - PRINCIPAL,727388.76,2020-11-21
10000 - SECR. DESENV. ECONOMICO,10061 - UNIVERSIDADE EST. PAUL. JULIO MESQUITA FILHO,"102301 - UNIV.EST.PAULISTA, JULIO MESQUITA FILHO",004 - REC.PROPRIO-ADM.IND.-DOT.INIC.CR.SUPL.,16909911 - OUTROS SERVICOS - PRINCIPAL,6150817.44,2020-11-21
10000 - SECR. DESENV. ECONOMICO,10061 - UNIVERSIDADE EST. PAUL. JULIO MESQUITA FILHO,"102301 - UNIV.EST.PAULISTA, JULIO MESQUITA FILHO",004 - REC.PROPRIO-ADM.IND.-DOT.INIC.CR.SUPL.,17481011 - OUTRA TRANSF.INST.PRIV. AO E/DF/M-PRINCIPAL,4894025.86,2020-11-21
10000 - SECR. DESENV. ECONOMICO,10061 - UNIVERSIDADE EST. PAUL. JULIO MESQUITA FILHO,"102301 - UNIV.EST.PAULISTA, JULIO MESQUITA FILHO",004 - REC.PROPRIO-ADM.IND.-DOT.INIC.CR.SUPL.,17781011 - OUTRA TRANSF.CONV.EXTERIOR-ESPEC E/DF/M-PRIN,111634.0,2020-11-21
10000 - SECR. DESENV. ECONOMICO,10061 - UNIVERSIDADE EST. PAUL. JULIO MESQUITA FILHO,"102301 - UNIV.EST.PAULISTA, JULIO MESQUITA FILHO",004 - REC.PROPRIO-ADM.IND.-DOT.INIC.CR.SUPL.,19100111 - MULTAS PREVISTAS LEG. ESPECIFICA-PRINCIPAL,91398.5,2020-11-21
10000 - SECR. DESENV. ECONOMICO,10061 - UNIVERSIDADE EST. PAUL. JULIO MESQUITA FILHO,"102301 - UNIV.EST.PAULISTA, JULIO MESQUITA FILHO",004 - REC.PROPRIO-ADM.IND.-DOT.INIC.CR.SUPL.,19280291 - OUTRAS RESTITUICOES-ESPECIF.E/DF/M-PRINCIPAL,60836943.56,2020-11-21
10000 - SECR. DESENV. ECONOMICO,10061 - UNIVERSIDADE EST. PAUL. JULIO MESQUITA FILHO,"102301 - UNIV.EST.PAULISTA, JULIO MESQUITA FILHO",004 - REC.PROPRIO-ADM.IND.-DOT.INIC.CR.SUPL.,19909911 - OUTRAS RECEITAS - PRIMARIAS - PRINCIPAL,188580277.15,2020-11-21
10000 - SECR. DESENV. ECONOMICO,10061 - UNIVERSIDADE EST. PAUL. JULIO MESQUITA FILHO,"102301 - UNIV.EST.PAULISTA, JULIO MESQUITA FILHO",004 - REC.PROPRIO-ADM.IND.-DOT.INIC.CR.SUPL.,22130011 - ALIENACAO BENS MOVEIS/SEMOVENTES- PRINCIPAL,398652.5,2020-11-21
10000 - SECR. DESENV. ECONOMICO,10061 - UNIVERSIDADE EST. PAUL. JULIO MESQUITA FILHO,"102301 - UNIV.EST.PAULISTA, JULIO MESQUITA FILHO",005 - RECURSOS VINCULADOS FEDERAIS,13210011 - REMUNERACAO  DEPOSITOS BANCARIOS - PRINCIPAL,1413343.11,2020-11-21
10000 - SECR. DESENV. ECONOMICO,10061 - UNIVERSIDADE EST. PAUL. JULIO MESQUITA FILHO,"102301 - UNIV.EST.PAULISTA, JULIO MESQUITA FILHO",005 - RECURSOS VINCULADOS FEDERAIS,17181091 - OUTRAS TRANSF.CONVENIOS UNIAO - PRINCIPAL,3798689.86,2020-11-21
10000 - SECR. DESENV. ECONOMICO,10061 - UNIVERSIDADE EST. PAUL. JULIO MESQUITA FILHO,"102301 - UNIV.EST.PAULISTA, JULIO MESQUITA FILHO",005 - RECURSOS VINCULADOS FEDERAIS,19100111 - MULTAS PREVISTAS LEG. ESPECIFICA-PRINCIPAL,0.0,2020-11-21
10000 - SECR. DESENV. ECONOMICO,10061 - UNIVERSIDADE EST. PAUL. JULIO MESQUITA FILHO,"102301 - UNIV.EST.PAULISTA, JULIO MESQUITA FILHO",005 - RECURSOS VINCULADOS FEDERAIS,19909911 - OUTRAS RECEITAS - PRIMARIAS - PRINCIPAL,0.0,2020-11-21
10000 - SECR. DESENV. ECONOMICO,10061 - UNIVERSIDADE EST. PAUL. JULIO MESQUITA FILHO,"102301 - UNIV.EST.PAULISTA, JULIO MESQUITA FILHO",005 - RECURSOS VINCULADOS FEDERAIS,24181091 - OUTRAS TRANSF.CONVENIOS DA UNIAO-PRINCIPAL,4806395.39,2020-11-21
10000 - SECR. DESENV. ECONOMICO,10061 - UNIVERSIDADE EST. PAUL. JULIO MESQUITA FILHO,"102301 - UNIV.EST.PAULISTA, JULIO MESQUITA FILHO",081 - TESOURO-DOT.INICIAL E CRED.SUPLEMENTAR-INTRA,89900011 - DEMAIS RECEITAS DE CAPITAL-PRINCIPAL INTRA,100000.0,2020-11-21
10000 - SECR. DESENV. ECONOMICO,10063 - CENTRO ESTADUAL DE EDUC. TECNOL. PAULA SOUZA,102401 - CTO. EST. EDUC. TECNOL. PAULA SOUZA - CEETEP,001 - TESOURO-DOT.INICIAL E CRED.SUPLEMENTAR,19909911 - OUTRAS RECEITAS - PRIMARIAS - PRINCIPAL,740.23,2020-11-21
10000 - SECR. DESENV. ECONOMICO,10063 - CENTRO ESTADUAL DE EDUC. TECNOL. PAULA SOUZA,102401 - CTO. EST. EDUC. TECNOL. PAULA SOUZA - CEETEP,004 - REC.PROPRIO-ADM.IND.-DOT.INIC.CR.SUPL.,13100111 - ALUGUEIS E ARRENDAMENTOS - PRINCIPAL,141521.32,2020-11-21
10000 - SECR. DESENV. ECONOMICO,10063 - CENTRO ESTADUAL DE EDUC. TECNOL. PAULA SOUZA,102401 - CTO. EST. EDUC. TECNOL. PAULA SOUZA - CEETEP,004 - REC.PROPRIO-ADM.IND.-DOT.INIC.CR.SUPL.,13210011 - REMUNERACAO  DEPOSITOS BANCARIOS - PRINCIPAL,1119108.06,2020-11-21
10000 - SECR. DESENV. ECONOMICO,10063 - CENTRO ESTADUAL DE EDUC. TECNOL. PAULA SOUZA,102401 - CTO. EST. EDUC. TECNOL. PAULA SOUZA - CEETEP,004 - REC.PROPRIO-ADM.IND.-DOT.INIC.CR.SUPL.,16100111 - SERVICO ADMINISTRATIVO/COML.GERAL -PRINCIPAL,45859569.44,2020-11-21
10000 - SECR. DESENV. ECONOMICO,10063 - CENTRO ESTADUAL DE EDUC. TECNOL. PAULA SOUZA,102401 - CTO. EST. EDUC. TECNOL. PAULA SOUZA - CEETEP,004 - REC.PROPRIO-ADM.IND.-DOT.INIC.CR.SUPL.,19280291 - OUTRAS RESTITUICOES-ESPECIF.E/DF/M-PRINCIPAL,742339.89,2020-11-21
10000 - SECR. DESENV. ECONOMICO,10063 - CENTRO ESTADUAL DE EDUC. TECNOL. PAULA SOUZA,102401 - CTO. EST. EDUC. TECNOL. PAULA SOUZA - CEETEP,004 - REC.PROPRIO-ADM.IND.-DOT.INIC.CR.SUPL.,19909911 - OUTRAS RECEITAS - PRIMARIAS - PRINCIPAL,252629.9,2020-11-21
10000 - SECR. DESENV. ECONOMICO,10063 - CENTRO ESTADUAL DE EDUC. TECNOL. PAULA SOUZA,102401 - CTO. EST. EDUC. TECNOL. PAULA SOUZA - CEETEP,005 - RECURSOS VINCULADOS FEDERAIS,13210011 - REMUNERACAO  DEPOSITOS BANCARIOS - PRINCIPAL,133858.26,2020-11-21
10000 - SECR. DESENV. ECONOMICO,10065 - FACULDADE DE MEDICINA DE MARILIA,102601 - FAC. MEDICINA DE MARILIA,001 - TESOURO-DOT.INICIAL E CRED.SUPLEMENTAR,16100111 - SERVICO ADMINISTRATIVO/COML.GERAL -PRINCIPAL,7.3,2020-11-21
10000 - SECR. DESENV. ECONOMICO,10065 - FACULDADE DE MEDICINA DE MARILIA,102601 - FAC. MEDICINA DE MARILIA,004 - REC.PROPRIO-ADM.IND.-DOT.INIC.CR.SUPL.,13210011 - REMUNERACAO  DEPOSITOS BANCARIOS - PRINCIPAL,80077.28,2020-11-21
10000 - SECR. DESENV. ECONOMICO,10065 - FACULDADE DE MEDICINA DE MARILIA,102601 - FAC. MEDICINA DE MARILIA,004 - REC.PROPRIO-ADM.IND.-DOT.INIC.CR.SUPL.,16909911 - OUTROS SERVICOS - PRINCIPAL,25886.17,2020-11-21
10000 - SECR. DESENV. ECONOMICO,10065 - FACULDADE DE MEDICINA DE MARILIA,102601 - FAC. MEDICINA DE MARILIA,005 - RECURSOS VINCULADOS FEDERAIS,13210011 - REMUNERACAO  DEPOSITOS BANCARIOS - PRINCIPAL,1457.65,2020-11-21
10000 - SECR. DESENV. ECONOMICO,10065 - FACULDADE DE MEDICINA DE MARILIA,102681 - FAC.MEDICINA DE MARILIA - UGFTES,001 - TESOURO-DOT.INICIAL E CRED.SUPLEMENTAR,13210011 - REMUNERACAO  DEPOSITOS BANCARIOS - PRINCIPAL,21.04,2020-11-21
10000 - SECR. DESENV. ECONOMICO,10065 - FACULDADE DE MEDICINA DE MARILIA,102681 - FAC.MEDICINA DE MARILIA - UGFTES,004 - REC.PROPRIO-ADM.IND.-DOT.INIC.CR.SUPL.,16909911 - OUTROS SERVICOS - PRINCIPAL,220.0,2020-11-21
10000 - SECR. DESENV. ECONOMICO,10065 - FACULDADE DE MEDICINA DE MARILIA,102684 - FAC.MEDICINA DE MARILIA - UGFRP,004 - REC.PROPRIO-ADM.IND.-DOT.INIC.CR.SUPL.,13210011 - REMUNERACAO  DEPOSITOS BANCARIOS - PRINCIPAL,235.31,2020-11-21
10000 - SECR. DESENV. ECONOMICO,10065 - FACULDADE DE MEDICINA DE MARILIA,102684 - FAC.MEDICINA DE MARILIA - UGFRP,004 - REC.PROPRIO-ADM.IND.-DOT.INIC.CR.SUPL.,16909911 - OUTROS SERVICOS - PRINCIPAL,27.51,2020-11-21
10000 - SECR. DESENV. ECONOMICO,10066 - FACULDADE DE MED. DE SAO JOSE DO RIO PRETO,102701 - FAC. MEDICINA DE S.JOSE DO RIO PRETO,004 - REC.PROPRIO-ADM.IND.-DOT.INIC.CR.SUPL.,13210011 - REMUNERACAO  DEPOSITOS BANCARIOS - PRINCIPAL,3333.56,2020-11-21
10000 - SECR. DESENV. ECONOMICO,10066 - FACULDADE DE MED. DE SAO JOSE DO RIO PRETO,102701 - FAC. MEDICINA DE S.JOSE DO RIO PRETO,004 - REC.PROPRIO-ADM.IND.-DOT.INIC.CR.SUPL.,16100111 - SERVICO ADMINISTRATIVO/COML.GERAL -PRINCIPAL,105171.8,2020-11-21
10000 - SECR. DESENV. ECONOMICO,10066 - FACULDADE DE MED. DE SAO JOSE DO RIO PRETO,102701 - FAC. MEDICINA DE S.JOSE DO RIO PRETO,004 - REC.PROPRIO-ADM.IND.-DOT.INIC.CR.SUPL.,16100211 - INSCRICAO CONCURSO/PROC.SELETIVOS- PRINCIPAL,823.0,2020-11-21
10000 - SECR. DESENV. ECONOMICO,10066 - FACULDADE DE MED. DE SAO JOSE DO RIO PRETO,102701 - FAC. MEDICINA DE S.JOSE DO RIO PRETO,004 - REC.PROPRIO-ADM.IND.-DOT.INIC.CR.SUPL.,19909911 - OUTRAS RECEITAS - PRIMARIAS - PRINCIPAL,1214.07,2020-11-21
10000 - SECR. DESENV. ECONOMICO,10066 - FACULDADE DE MED. DE SAO JOSE DO RIO PRETO,102701 - FAC. MEDICINA DE S.JOSE DO RIO PRETO,005 - RECURSOS VINCULADOS FEDERAIS,13210011 - REMUNERACAO  DEPOSITOS BANCARIOS - PRINCIPAL,3563.91,2020-11-21
10000 - SECR. DESENV. ECONOMICO,10066 - FACULDADE DE MED. DE SAO JOSE DO RIO PRETO,102701 - FAC. MEDICINA DE S.JOSE DO RIO PRETO,081 - TESOURO-DOT.INICIAL E CRED.SUPLEMENTAR-INTRA,76380191 - OUTROS SERVICOS DE SAUDE-PRINCIPAL INTRA,13391389.4,2020-11-21
10000 - SECR. DESENV. ECONOMICO,10067 - JUNTA COMERCIAL DO ESTADO DE SAO PAULO-JUCESP,102801 - JUNTA COMERCIAL DO ESTADO DE SAO PAULO-JUCES,002 - RECURSOS VINCULADOS ESTADUAIS,11220111 - TAXA PELA  PRESTACAO DE SERVICOS-PRINCIPAL,68450074.14,2020-11-21
10000 - SECR. DESENV. ECONOMICO,10067 - JUNTA COMERCIAL DO ESTADO DE SAO PAULO-JUCESP,102801 - JUNTA COMERCIAL DO ESTADO DE SAO PAULO-JUCES,002 - RECURSOS VINCULADOS ESTADUAIS,19280291 - OUTRAS RESTITUICOES-ESPECIF.E/DF/M-PRINCIPAL,762176.91,2020-11-21
10000 - SECR. DESENV. ECONOMICO,10067 - JUNTA COMERCIAL DO ESTADO DE SAO PAULO-JUCESP,102881 - JUNTA COMERCIAL DO ESTADO DE SAO PAULO-JUCES,002 - RECURSOS VINCULADOS ESTADUAIS,11220111 - TAXA PELA  PRESTACAO DE SERVICOS-PRINCIPAL,1776495.74,2020-11-21
10000 - SECR. DESENV. ECONOMICO,10091 - INST. DE PESQ. TEC. DE SAO PAULO,103101 - INST.PESQ.TECNOL.EST.SP. S.A.,001 - TESOURO-DOT.INICIAL E CRED.SUPLEMENTAR,89100011 - INTEGRALIZACAO CAPITAL SOCIAL-PRINCIPAL INTR,228925.91,2020-11-21
10000 - SECR. DESENV. ECONOMICO,10091 - INST. DE PESQ. TEC. DE SAO PAULO,103101 - INST.PESQ.TECNOL.EST.SP. S.A.,004 - REC.PROPRIO-ADM.IND.-DOT.INIC.CR.SUPL.,13100111 - ALUGUEIS E ARRENDAMENTOS - PRINCIPAL,442255.29,2020-11-21
10000 - SECR. DESENV. ECONOMICO,10091 - INST. DE PESQ. TEC. DE SAO PAULO,103101 - INST.PESQ.TECNOL.EST.SP. S.A.,004 - REC.PROPRIO-ADM.IND.-DOT.INIC.CR.SUPL.,13210011 - REMUNERACAO  DEPOSITOS BANCARIOS - PRINCIPAL,344331.29,2020-11-21
10000 - SECR. DESENV. ECONOMICO,10091 - INST. DE PESQ. TEC. DE SAO PAULO,103101 - INST.PESQ.TECNOL.EST.SP. S.A.,004 - REC.PROPRIO-ADM.IND.-DOT.INIC.CR.SUPL.,15000011 - RECEITA INDUSTRIAL - PRINCIPAL,2486855.39,2020-11-21
10000 - SECR. DESENV. ECONOMICO,10091 - INST. DE PESQ. TEC. DE SAO PAULO,103101 - INST.PESQ.TECNOL.EST.SP. S.A.,004 - REC.PROPRIO-ADM.IND.-DOT.INIC.CR.SUPL.,16100111 - SERVICO ADMINISTRATIVO/COML.GERAL -PRINCIPAL,92.9,2020-11-21
10000 - SECR. DESENV. ECONOMICO,10091 - INST. DE PESQ. TEC. DE SAO PAULO,103101 - INST.PESQ.TECNOL.EST.SP. S.A.,004 - REC.PROPRIO-ADM.IND.-DOT.INIC.CR.SUPL.,16909911 - OUTROS SERVICOS - PRINCIPAL,61273488.35,2020-11-21
10000 - SECR. DESENV. ECONOMICO,10091 - INST. DE PESQ. TEC. DE SAO PAULO,103101 - INST.PESQ.TECNOL.EST.SP. S.A.,004 - REC.PROPRIO-ADM.IND.-DOT.INIC.CR.SUPL.,17481011 - OUTRA TRANSF.INST.PRIV. AO E/DF/M-PRINCIPAL,61037.12,2020-11-21
10000 - SECR. DESENV. ECONOMICO,10091 - INST. DE PESQ. TEC. DE SAO PAULO,103101 - INST.PESQ.TECNOL.EST.SP. S.A.,004 - REC.PROPRIO-ADM.IND.-DOT.INIC.CR.SUPL.,19280291 - OUTRAS RESTITUICOES-ESPECIF.E/DF/M-PRINCIPAL,4640124.25,2020-11-21
10000 - SECR. DESENV. ECONOMICO,10091 - INST. DE PESQ. TEC. DE SAO PAULO,103101 - INST.PESQ.TECNOL.EST.SP. S.A.,004 - REC.PROPRIO-ADM.IND.-DOT.INIC.CR.SUPL.,19909911 - OUTRAS RECEITAS - PRIMARIAS - PRINCIPAL,681072.14,2020-11-21
10000 - SECR. DESENV. ECONOMICO,10091 - INST. DE PESQ. TEC. DE SAO PAULO,103101 - INST.PESQ.TECNOL.EST.SP. S.A.,004 - REC.PROPRIO-ADM.IND.-DOT.INIC.CR.SUPL.,19909912 - OUTRAS RECEITAS - PRIMARIAS - MULTAS E JUROS,81511.11,2020-11-21
10000 - SECR. DESENV. ECONOMICO,10091 - INST. DE PESQ. TEC. DE SAO PAULO,103101 - INST.PESQ.TECNOL.EST.SP. S.A.,005 - RECURSOS VINCULADOS FEDERAIS,13210011 - REMUNERACAO  DEPOSITOS BANCARIOS - PRINCIPAL,54583.27,2020-11-21
10000 - SECR. DESENV. ECONOMICO,10091 - INST. DE PESQ. TEC. DE SAO PAULO,103101 - INST.PESQ.TECNOL.EST.SP. S.A.,083 - RECURSOS VINCULADOS-FUNDO ESP. DESPESA-INTRA,13210011 - REMUNERACAO  DEPOSITOS BANCARIOS - PRINCIPAL,4467.94,2020-11-21
10000 - SECR. DESENV. ECONOMICO,10091 - INST. DE PESQ. TEC. DE SAO PAULO,103184 - INST.PESQ.TECNOL.EST.SP.S/A - UGFRP,004 - REC.PROPRIO-ADM.IND.-DOT.INIC.CR.SUPL.,13210011 - REMUNERACAO  DEPOSITOS BANCARIOS - PRINCIPAL,295239.88,2020-11-21
10000 - SECR. DESENV. ECONOMICO,10091 - INST. DE PESQ. TEC. DE SAO PAULO,103184 - INST.PESQ.TECNOL.EST.SP.S/A - UGFRP,004 - REC.PROPRIO-ADM.IND.-DOT.INIC.CR.SUPL.,19280291 - OUTRAS RESTITUICOES-ESPECIF.E/DF/M-PRINCIPAL,1589.66,2020-11-21
12000 - SECRETARIA DA CULTURA E ECONOMIA CRIATIVA,00001 - GOVERNO DO ESTADO DE SAO PAULO,120030 - FED. GAB.SECRETARIO E ASSESSORIAS,003 - RECURSOS VINCULADOS-FUNDO ESPECIAL DE DESPES,13210011 - REMUNERACAO  DEPOSITOS BANCARIOS - PRINCIPAL,1846729.1,2020-11-21
12000 - SECRETARIA DA CULTURA E ECONOMIA CRIATIVA,00001 - GOVERNO DO ESTADO DE SAO PAULO,120030 - FED. GAB.SECRETARIO E ASSESSORIAS,003 - RECURSOS VINCULADOS-FUNDO ESPECIAL DE DESPES,16909911 - OUTROS SERVICOS - PRINCIPAL,23678.06,2020-11-21
12000 - SECRETARIA DA CULTURA E ECONOMIA CRIATIVA,00001 - GOVERNO DO ESTADO DE SAO PAULO,120030 - FED. GAB.SECRETARIO E ASSESSORIAS,003 - RECURSOS VINCULADOS-FUNDO ESPECIAL DE DESPES,19221011 - RESTITUICAO DECOR. NAO APLIC.INC.FISCAL-PRIN,3855827.05,2020-11-21
12000 - SECRETARIA DA CULTURA E ECONOMIA CRIATIVA,00001 - GOVERNO DO ESTADO DE SAO PAULO,120030 - FED. GAB.SECRETARIO E ASSESSORIAS,005 - RECURSOS VINCULADOS FEDERAIS,13210011 - REMUNERACAO  DEPOSITOS BANCARIOS - PRINCIPAL,30316.69,2020-11-21
12000 - SECRETARIA DA CULTURA E ECONOMIA CRIATIVA,00001 - GOVERNO DO ESTADO DE SAO PAULO,120030 - FED. GAB.SECRETARIO E ASSESSORIAS,005 - RECURSOS VINCULADOS FEDERAIS,17189911 - OUTRAS TRANSFERENCIAS DA UNIAO - PRINCIPAL,264155074.63,2020-11-21
12000 - SECRETARIA DA CULTURA E ECONOMIA CRIATIVA,00001 - GOVERNO DO ESTADO DE SAO PAULO,120030 - FED. GAB.SECRETARIO E ASSESSORIAS,006 - OUTRAS FONTES DE RECURSOS,19909911 - OUTRAS RECEITAS - PRIMARIAS - PRINCIPAL,13800.45,2020-11-21
12000 - SECRETARIA DA CULTURA E ECONOMIA CRIATIVA,00001 - GOVERNO DO ESTADO DE SAO PAULO,120030 - FED. GAB.SECRETARIO E ASSESSORIAS,043 - F.E.D - CREDITO POR SUPERAVIT FINANCEIRO,13210011 - REMUNERACAO  DEPOSITOS BANCARIOS - PRINCIPAL,61.03,2020-11-21
12000 - SECRETARIA DA CULTURA E ECONOMIA CRIATIVA,00001 - GOVERNO DO ESTADO DE SAO PAULO,120031 - FED-DEPARTAMENTO DE ADMINISTRACAO,003 - RECURSOS VINCULADOS-FUNDO ESPECIAL DE DESPES,13210011 - REMUNERACAO  DEPOSITOS BANCARIOS - PRINCIPAL,180.31,2020-11-21
12000 - SECRETARIA DA CULTURA E ECONOMIA CRIATIVA,00001 - GOVERNO DO ESTADO DE SAO PAULO,120101 - GABINETE DO  SECRETARIO,001 - TESOURO-DOT.INICIAL E CRED.SUPLEMENTAR,19909911 - OUTRAS RECEITAS - PRIMARIAS - PRINCIPAL,61870.46,2020-11-21
12000 - SECRETARIA DA CULTURA E ECONOMIA CRIATIVA,00001 - GOVERNO DO ESTADO DE SAO PAULO,120104 - UNID.DO FOMENTO A CULTURA,005 - RECURSOS VINCULADOS FEDERAIS,13210011 - REMUNERACAO  DEPOSITOS BANCARIOS - PRINCIPAL,58153.43,2020-11-21
12000 - SECRETARIA DA CULTURA E ECONOMIA CRIATIVA,00001 - GOVERNO DO ESTADO DE SAO PAULO,120105 - UNID. PRESERVACAO DO PATRIMONIO MUSEOLOGICO,005 - RECURSOS VINCULADOS FEDERAIS,17181091 - OUTRAS TRANSF.CONVENIOS UNIAO - PRINCIPAL,1695.64,2020-11-21
12000 - SECRETARIA DA CULTURA E ECONOMIA CRIATIVA,00001 - GOVERNO DO ESTADO DE SAO PAULO,120105 - UNID. PRESERVACAO DO PATRIMONIO MUSEOLOGICO,006 - OUTRAS FONTES DE RECURSOS,19909911 - OUTRAS RECEITAS - PRIMARIAS - PRINCIPAL,2178.46,2020-11-21
12000 - SECRETARIA DA CULTURA E ECONOMIA CRIATIVA,00001 - GOVERNO DO ESTADO DE SAO PAULO,120110 - UNID. DE FORMACAO CULTURAL,001 - TESOURO-DOT.INICIAL E CRED.SUPLEMENTAR,19909911 - OUTRAS RECEITAS - PRIMARIAS - PRINCIPAL,182571.05,2020-11-21
12000 - SECRETARIA DA CULTURA E ECONOMIA CRIATIVA,12045 - FUND. PE.ANCHIETA - CTO.PTA.RADIO TV.EDUC.,121101 - FUND. PE.ANCHIETA - CTO.PTA.RADIO TV.EDUC.,001 - TESOURO-DOT.INICIAL E CRED.SUPLEMENTAR,11130311 - IRRF-IMP. RENDA RET. FTE-TRABALHO-PRINCIPAL,544161.53,2020-11-21
12000 - SECRETARIA DA CULTURA E ECONOMIA CRIATIVA,12045 - FUND. PE.ANCHIETA - CTO.PTA.RADIO TV.EDUC.,121101 - FUND. PE.ANCHIETA - CTO.PTA.RADIO TV.EDUC.,001 - TESOURO-DOT.INICIAL E CRED.SUPLEMENTAR,13210011 - REMUNERACAO  DEPOSITOS BANCARIOS - PRINCIPAL,4895.65,2020-11-21
12000 - SECRETARIA DA CULTURA E ECONOMIA CRIATIVA,12045 - FUND. PE.ANCHIETA - CTO.PTA.RADIO TV.EDUC.,121101 - FUND. PE.ANCHIETA - CTO.PTA.RADIO TV.EDUC.,004 - REC.PROPRIO-ADM.IND.-DOT.INIC.CR.SUPL.,13210011 - REMUNERACAO  DEPOSITOS BANCARIOS - PRINCIPAL,200119.13,2020-11-21
12000 - SECRETARIA DA CULTURA E ECONOMIA CRIATIVA,12045 - FUND. PE.ANCHIETA - CTO.PTA.RADIO TV.EDUC.,121101 - FUND. PE.ANCHIETA - CTO.PTA.RADIO TV.EDUC.,004 - REC.PROPRIO-ADM.IND.-DOT.INIC.CR.SUPL.,16909911 - OUTROS SERVICOS - PRINCIPAL,41005633.43,2020-11-21
12000 - SECRETARIA DA CULTURA E ECONOMIA CRIATIVA,12045 - FUND. PE.ANCHIETA - CTO.PTA.RADIO TV.EDUC.,121101 - FUND. PE.ANCHIETA - CTO.PTA.RADIO TV.EDUC.,004 - REC.PROPRIO-ADM.IND.-DOT.INIC.CR.SUPL.,19280291 - OUTRAS RESTITUICOES-ESPECIF.E/DF/M-PRINCIPAL,7093191.35,2020-11-21
12000 - SECRETARIA DA CULTURA E ECONOMIA CRIATIVA,12045 - FUND. PE.ANCHIETA - CTO.PTA.RADIO TV.EDUC.,121101 - FUND. PE.ANCHIETA - CTO.PTA.RADIO TV.EDUC.,004 - REC.PROPRIO-ADM.IND.-DOT.INIC.CR.SUPL.,19909911 - OUTRAS RECEITAS - PRIMARIAS - PRINCIPAL,2011653.12,2020-11-21
12000 - SECRETARIA DA CULTURA E ECONOMIA CRIATIVA,12046 - FUNDACAO MEMORIAL DA AMERICA LATINA,121201 - FUND. MEMORIAL DA AMERICA LATINA,001 - TESOURO-DOT.INICIAL E CRED.SUPLEMENTAR,13210011 - REMUNERACAO  DEPOSITOS BANCARIOS - PRINCIPAL,0.04,2020-11-21
12000 - SECRETARIA DA CULTURA E ECONOMIA CRIATIVA,12046 - FUNDACAO MEMORIAL DA AMERICA LATINA,121201 - FUND. MEMORIAL DA AMERICA LATINA,004 - REC.PROPRIO-ADM.IND.-DOT.INIC.CR.SUPL.,13100111 - ALUGUEIS E ARRENDAMENTOS - PRINCIPAL,1083115.28,2020-11-21
12000 - SECRETARIA DA CULTURA E ECONOMIA CRIATIVA,12046 - FUNDACAO MEMORIAL DA AMERICA LATINA,121201 - FUND. MEMORIAL DA AMERICA LATINA,004 - REC.PROPRIO-ADM.IND.-DOT.INIC.CR.SUPL.,13210011 - REMUNERACAO  DEPOSITOS BANCARIOS - PRINCIPAL,173756.62,2020-11-21
12000 - SECRETARIA DA CULTURA E ECONOMIA CRIATIVA,12046 - FUNDACAO MEMORIAL DA AMERICA LATINA,121201 - FUND. MEMORIAL DA AMERICA LATINA,004 - REC.PROPRIO-ADM.IND.-DOT.INIC.CR.SUPL.,19909911 - OUTRAS RECEITAS - PRIMARIAS - PRINCIPAL,7243.0,2020-11-21
12000 - SECRETARIA DA CULTURA E ECONOMIA CRIATIVA,12046 - FUNDACAO MEMORIAL DA AMERICA LATINA,121201 - FUND. MEMORIAL DA AMERICA LATINA,006 - OUTRAS FONTES DE RECURSOS,19909911 - OUTRAS RECEITAS - PRIMARIAS - PRINCIPAL,2664.91,2020-11-21
13000 - SECRETARIA DE AGRICULTURA E ABASTECIMENTO,00001 - GOVERNO DO ESTADO DE SAO PAULO,130001 - SEC. AGRICULTURA E ABASTECIMENTO,001 - TESOURO-DOT.INICIAL E CRED.SUPLEMENTAR,13210011 - REMUNERACAO  DEPOSITOS BANCARIOS - PRINCIPAL,71.44,2020-11-21
13000 - SECRETARIA DE AGRICULTURA E ABASTECIMENTO,00001 - GOVERNO DO ESTADO DE SAO PAULO,130001 - SEC. AGRICULTURA E ABASTECIMENTO,001 - TESOURO-DOT.INICIAL E CRED.SUPLEMENTAR,19280291 - OUTRAS RESTITUICOES-ESPECIF.E/DF/M-PRINCIPAL,14571.16,2020-11-21
13000 - SECRETARIA DE AGRICULTURA E ABASTECIMENTO,00001 - GOVERNO DO ESTADO DE SAO PAULO,130030 - FED-GAB. SECRETARIO E ASSESSORIAS,003 - RECURSOS VINCULADOS-FUNDO ESPECIAL DE DESPES,13210011 - REMUNERACAO  DEPOSITOS BANCARIOS - PRINCIPAL,72808.45,2020-11-21
13000 - SECRETARIA DE AGRICULTURA E ABASTECIMENTO,00001 - GOVERNO DO ESTADO DE SAO PAULO,130030 - FED-GAB. SECRETARIO E ASSESSORIAS,043 - F.E.D - CREDITO POR SUPERAVIT FINANCEIRO,13210011 - REMUNERACAO  DEPOSITOS BANCARIOS - PRINCIPAL,269.26,2020-11-21
13000 - SECRETARIA DE AGRICULTURA E ABASTECIMENTO,00001 - GOVERNO DO ESTADO DE SAO PAULO,130031 - FED. DESENV. RURAL SUSTENTAVEL - FDRS,003 - RECURSOS VINCULADOS-FUNDO ESPECIAL DE DESPES,13100111 - ALUGUEIS E ARRENDAMENTOS - PRINCIPAL,31746.23,2020-11-21
13000 - SECRETARIA DE AGRICULTURA E ABASTECIMENTO,00001 - GOVERNO DO ESTADO DE SAO PAULO,130031 - FED. DESENV. RURAL SUSTENTAVEL - FDRS,003 - RECURSOS VINCULADOS-FUNDO ESPECIAL DE DESPES,13210011 - REMUNERACAO  DEPOSITOS BANCARIOS - PRINCIPAL,136643.86,2020-11-21
13000 - SECRETARIA DE AGRICULTURA E ABASTECIMENTO,00001 - GOVERNO DO ESTADO DE SAO PAULO,130031 - FED. DESENV. RURAL SUSTENTAVEL - FDRS,003 - RECURSOS VINCULADOS-FUNDO ESPECIAL DE DESPES,16100111 - SERVICO ADMINISTRATIVO/COML.GERAL -PRINCIPAL,117113.77,2020-11-21
13000 - SECRETARIA DE AGRICULTURA E ABASTECIMENTO,00001 - GOVERNO DO ESTADO DE SAO PAULO,130031 - FED. DESENV. RURAL SUSTENTAVEL - FDRS,003 - RECURSOS VINCULADOS-FUNDO ESPECIAL DE DESPES,16909911 - OUTROS SERVICOS - PRINCIPAL,5267.5,2020-11-21
13000 - SECRETARIA DE AGRICULTURA E ABASTECIMENTO,00001 - GOVERNO DO ESTADO DE SAO PAULO,130031 - FED. DESENV. RURAL SUSTENTAVEL - FDRS,006 - OUTRAS FONTES DE RECURSOS,19909911 - OUTRAS RECEITAS - PRIMARIAS - PRINCIPAL,25.6,2020-11-21
13000 - SECRETARIA DE AGRICULTURA E ABASTECIMENTO,00001 - GOVERNO DO ESTADO DE SAO PAULO,"130032 - FED-DEPTO. SEMENTES, MUDAS E MATRIZES",003 - RECURSOS VINCULADOS-FUNDO ESPECIAL DE DESPES,13210011 - REMUNERACAO  DEPOSITOS BANCARIOS - PRINCIPAL,107995.17,2020-11-21
13000 - SECRETARIA DE AGRICULTURA E ABASTECIMENTO,00001 - GOVERNO DO ESTADO DE SAO PAULO,"130032 - FED-DEPTO. SEMENTES, MUDAS E MATRIZES",003 - RECURSOS VINCULADOS-FUNDO ESPECIAL DE DESPES,14000011 - RECEITA AGROPECUARIA - PRINCIPAL,335352.5,2020-11-21
13000 - SECRETARIA DE AGRICULTURA E ABASTECIMENTO,00001 - GOVERNO DO ESTADO DE SAO PAULO,"130032 - FED-DEPTO. SEMENTES, MUDAS E MATRIZES",003 - RECURSOS VINCULADOS-FUNDO ESPECIAL DE DESPES,16100111 - SERVICO ADMINISTRATIVO/COML.GERAL -PRINCIPAL,1430586.6,2020-11-21
13000 - SECRETARIA DE AGRICULTURA E ABASTECIMENTO,00001 - GOVERNO DO ESTADO DE SAO PAULO,"130032 - FED-DEPTO. SEMENTES, MUDAS E MATRIZES",003 - RECURSOS VINCULADOS-FUNDO ESPECIAL DE DESPES,19280291 - OUTRAS RESTITUICOES-ESPECIF.E/DF/M-PRINCIPAL,643404.98,2020-11-21
13000 - SECRETARIA DE AGRICULTURA E ABASTECIMENTO,00001 - GOVERNO DO ESTADO DE SAO PAULO,"130032 - FED-DEPTO. SEMENTES, MUDAS E MATRIZES",006 - OUTRAS FONTES DE RECURSOS,19909911 - OUTRAS RECEITAS - PRIMARIAS - PRINCIPAL,0.0,2020-11-21
13000 - SECRETARIA DE AGRICULTURA E ABASTECIMENTO,00001 - GOVERNO DO ESTADO DE SAO PAULO,130033 - FED-ADM.COORD.DEFESA AGROPECUARIA,003 - RECURSOS VINCULADOS-FUNDO ESPECIAL DE DESPES,13210011 - REMUNERACAO  DEPOSITOS BANCARIOS - PRINCIPAL,1977639.38,2020-11-21
13000 - SECRETARIA DE AGRICULTURA E ABASTECIMENTO,00001 - GOVERNO DO ESTADO DE SAO PAULO,130033 - FED-ADM.COORD.DEFESA AGROPECUARIA,003 - RECURSOS VINCULADOS-FUNDO ESPECIAL DE DESPES,19280291 - OUTRAS RESTITUICOES-ESPECIF.E/DF/M-PRINCIPAL,2648.1,2020-11-21
13000 - SECRETARIA DE AGRICULTURA E ABASTECIMENTO,00001 - GOVERNO DO ESTADO DE SAO PAULO,130034 - FED-INSTITUTO AGRONOMICO-IAC,003 - RECURSOS VINCULADOS-FUNDO ESPECIAL DE DESPES,13100111 - ALUGUEIS E ARRENDAMENTOS - PRINCIPAL,3557.61,2020-11-21
13000 - SECRETARIA DE AGRICULTURA E ABASTECIMENTO,00001 - GOVERNO DO ESTADO DE SAO PAULO,130034 - FED-INSTITUTO AGRONOMICO-IAC,003 - RECURSOS VINCULADOS-FUNDO ESPECIAL DE DESPES,13210011 - REMUNERACAO  DEPOSITOS BANCARIOS - PRINCIPAL,7908.29,2020-11-21
13000 - SECRETARIA DE AGRICULTURA E ABASTECIMENTO,00001 - GOVERNO DO ESTADO DE SAO PAULO,130034 - FED-INSTITUTO AGRONOMICO-IAC,003 - RECURSOS VINCULADOS-FUNDO ESPECIAL DE DESPES,14000011 - RECEITA AGROPECUARIA - PRINCIPAL,161006.51,2020-11-21
13000 - SECRETARIA DE AGRICULTURA E ABASTECIMENTO,00001 - GOVERNO DO ESTADO DE SAO PAULO,130034 - FED-INSTITUTO AGRONOMICO-IAC,003 - RECURSOS VINCULADOS-FUNDO ESPECIAL DE DESPES,16100111 - SERVICO ADMINISTRATIVO/COML.GERAL -PRINCIPAL,7039.36,2020-11-21
13000 - SECRETARIA DE AGRICULTURA E ABASTECIMENTO,00001 - GOVERNO DO ESTADO DE SAO PAULO,130034 - FED-INSTITUTO AGRONOMICO-IAC,006 - OUTRAS FONTES DE RECURSOS,19909911 - OUTRAS RECEITAS - PRIMARIAS - PRINCIPAL,56433.5,2020-11-21
13000 - SECRETARIA DE AGRICULTURA E ABASTECIMENTO,00001 - GOVERNO DO ESTADO DE SAO PAULO,130035 - FED-INSTITUTO BIOLOGICO,003 - RECURSOS VINCULADOS-FUNDO ESPECIAL DE DESPES,13100111 - ALUGUEIS E ARRENDAMENTOS - PRINCIPAL,154.0,2020-11-21
13000 - SECRETARIA DE AGRICULTURA E ABASTECIMENTO,00001 - GOVERNO DO ESTADO DE SAO PAULO,130035 - FED-INSTITUTO BIOLOGICO,003 - RECURSOS VINCULADOS-FUNDO ESPECIAL DE DESPES,13210011 - REMUNERACAO  DEPOSITOS BANCARIOS - PRINCIPAL,169704.43,2020-11-21
13000 - SECRETARIA DE AGRICULTURA E ABASTECIMENTO,00001 - GOVERNO DO ESTADO DE SAO PAULO,130035 - FED-INSTITUTO BIOLOGICO,003 - RECURSOS VINCULADOS-FUNDO ESPECIAL DE DESPES,14000011 - RECEITA AGROPECUARIA - PRINCIPAL,1037.4,2020-11-21
13000 - SECRETARIA DE AGRICULTURA E ABASTECIMENTO,00001 - GOVERNO DO ESTADO DE SAO PAULO,130035 - FED-INSTITUTO BIOLOGICO,003 - RECURSOS VINCULADOS-FUNDO ESPECIAL DE DESPES,15000011 - RECEITA INDUSTRIAL - PRINCIPAL,4916580.44,2020-11-21
13000 - SECRETARIA DE AGRICULTURA E ABASTECIMENTO,00001 - GOVERNO DO ESTADO DE SAO PAULO,130035 - FED-INSTITUTO BIOLOGICO,003 - RECURSOS VINCULADOS-FUNDO ESPECIAL DE DESPES,16100111 - SERVICO ADMINISTRATIVO/COML.GERAL -PRINCIPAL,5241.95,2020-11-21
13000 - SECRETARIA DE AGRICULTURA E ABASTECIMENTO,00001 - GOVERNO DO ESTADO DE SAO PAULO,130035 - FED-INSTITUTO BIOLOGICO,006 - OUTRAS FONTES DE RECURSOS,19909911 - OUTRAS RECEITAS - PRIMARIAS - PRINCIPAL,0.0,2020-11-21
13000 - SECRETARIA DE AGRICULTURA E ABASTECIMENTO,00001 - GOVERNO DO ESTADO DE SAO PAULO,130035 - FED-INSTITUTO BIOLOGICO,083 - RECURSOS VINCULADOS-FUNDO ESP. DESPESA-INTRA,76909911 - OUTROS SERVICOS -PRINCIPAL INTRAORCAMENTARIA,34580.0,2020-11-21
13000 - SECRETARIA DE AGRICULTURA E ABASTECIMENTO,00001 - GOVERNO DO ESTADO DE SAO PAULO,130036 - FED-INST. DE ZOOTECNIA,003 - RECURSOS VINCULADOS-FUNDO ESPECIAL DE DESPES,13100111 - ALUGUEIS E ARRENDAMENTOS - PRINCIPAL,36027.0,2020-11-21
13000 - SECRETARIA DE AGRICULTURA E ABASTECIMENTO,00001 - GOVERNO DO ESTADO DE SAO PAULO,130036 - FED-INST. DE ZOOTECNIA,003 - RECURSOS VINCULADOS-FUNDO ESPECIAL DE DESPES,13210011 - REMUNERACAO  DEPOSITOS BANCARIOS - PRINCIPAL,12714.8,2020-11-21
13000 - SECRETARIA DE AGRICULTURA E ABASTECIMENTO,00001 - GOVERNO DO ESTADO DE SAO PAULO,130036 - FED-INST. DE ZOOTECNIA,003 - RECURSOS VINCULADOS-FUNDO ESPECIAL DE DESPES,14000011 - RECEITA AGROPECUARIA - PRINCIPAL,1356980.33,2020-11-21
13000 - SECRETARIA DE AGRICULTURA E ABASTECIMENTO,00001 - GOVERNO DO ESTADO DE SAO PAULO,130036 - FED-INST. DE ZOOTECNIA,006 - OUTRAS FONTES DE RECURSOS,19909911 - OUTRAS RECEITAS - PRIMARIAS - PRINCIPAL,7466.79,2020-11-21
13000 - SECRETARIA DE AGRICULTURA E ABASTECIMENTO,00001 - GOVERNO DO ESTADO DE SAO PAULO,130037 - FED-INSTITUTO DE TECNOLOGIA DE ALIMENTOS,003 - RECURSOS VINCULADOS-FUNDO ESPECIAL DE DESPES,13210011 - REMUNERACAO  DEPOSITOS BANCARIOS - PRINCIPAL,5355.23,2020-11-21
13000 - SECRETARIA DE AGRICULTURA E ABASTECIMENTO,00001 - GOVERNO DO ESTADO DE SAO PAULO,130037 - FED-INSTITUTO DE TECNOLOGIA DE ALIMENTOS,003 - RECURSOS VINCULADOS-FUNDO ESPECIAL DE DESPES,16100111 - SERVICO ADMINISTRATIVO/COML.GERAL -PRINCIPAL,6157.89,2020-11-21
13000 - SECRETARIA DE AGRICULTURA E ABASTECIMENTO,00001 - GOVERNO DO ESTADO DE SAO PAULO,130037 - FED-INSTITUTO DE TECNOLOGIA DE ALIMENTOS,003 - RECURSOS VINCULADOS-FUNDO ESPECIAL DE DESPES,16380121 - SERV.REGISTRO ANALISE E CONTROLE- PRINCIPAL,131416.79,2020-11-21
13000 - SECRETARIA DE AGRICULTURA E ABASTECIMENTO,00001 - GOVERNO DO ESTADO DE SAO PAULO,130037 - FED-INSTITUTO DE TECNOLOGIA DE ALIMENTOS,006 - OUTRAS FONTES DE RECURSOS,19909911 - OUTRAS RECEITAS - PRIMARIAS - PRINCIPAL,13887.04,2020-11-21
13000 - SECRETARIA DE AGRICULTURA E ABASTECIMENTO,00001 - GOVERNO DO ESTADO DE SAO PAULO,130038 - FED-INSTITUTO DE PESCA,003 - RECURSOS VINCULADOS-FUNDO ESPECIAL DE DESPES,13100111 - ALUGUEIS E ARRENDAMENTOS - PRINCIPAL,910.0,2020-11-21
13000 - SECRETARIA DE AGRICULTURA E ABASTECIMENTO,00001 - GOVERNO DO ESTADO DE SAO PAULO,130038 - FED-INSTITUTO DE PESCA,003 - RECURSOS VINCULADOS-FUNDO ESPECIAL DE DESPES,13210011 - REMUNERACAO  DEPOSITOS BANCARIOS - PRINCIPAL,6134.39,2020-11-21
13000 - SECRETARIA DE AGRICULTURA E ABASTECIMENTO,00001 - GOVERNO DO ESTADO DE SAO PAULO,130038 - FED-INSTITUTO DE PESCA,003 - RECURSOS VINCULADOS-FUNDO ESPECIAL DE DESPES,14000011 - RECEITA AGROPECUARIA - PRINCIPAL,49284.55,2020-11-21
13000 - SECRETARIA DE AGRICULTURA E ABASTECIMENTO,00001 - GOVERNO DO ESTADO DE SAO PAULO,130038 - FED-INSTITUTO DE PESCA,003 - RECURSOS VINCULADOS-FUNDO ESPECIAL DE DESPES,16909911 - OUTROS SERVICOS - PRINCIPAL,54807.2,2020-11-21
13000 - SECRETARIA DE AGRICULTURA E ABASTECIMENTO,00001 - GOVERNO DO ESTADO DE SAO PAULO,130038 - FED-INSTITUTO DE PESCA,006 - OUTRAS FONTES DE RECURSOS,19909911 - OUTRAS RECEITAS - PRIMARIAS - PRINCIPAL,0.0,2020-11-21
13000 - SECRETARIA DE AGRICULTURA E ABASTECIMENTO,00001 - GOVERNO DO ESTADO DE SAO PAULO,130039 - FED-INSTITUTO DE ECONOMIA AGRICOLA,003 - RECURSOS VINCULADOS-FUNDO ESPECIAL DE DESPES,13210011 - REMUNERACAO  DEPOSITOS BANCARIOS - PRINCIPAL,688.14,2020-11-21
13000 - SECRETARIA DE AGRICULTURA E ABASTECIMENTO,00001 - GOVERNO DO ESTADO DE SAO PAULO,130040 - FED-GABINETE DO COORDENADOR,003 - RECURSOS VINCULADOS-FUNDO ESPECIAL DE DESPES,13210011 - REMUNERACAO  DEPOSITOS BANCARIOS - PRINCIPAL,1818.36,2020-11-21
13000 - SECRETARIA DE AGRICULTURA E ABASTECIMENTO,00001 - GOVERNO DO ESTADO DE SAO PAULO,130040 - FED-GABINETE DO COORDENADOR,006 - OUTRAS FONTES DE RECURSOS,19909911 - OUTRAS RECEITAS - PRIMARIAS - PRINCIPAL,331.37,2020-11-21
13000 - SECRETARIA DE AGRICULTURA E ABASTECIMENTO,00001 - GOVERNO DO ESTADO DE SAO PAULO,130041 - FED-DEPARTO. DE DESCENTR.DO DESENVOLVIMENTO,003 - RECURSOS VINCULADOS-FUNDO ESPECIAL DE DESPES,13100111 - ALUGUEIS E ARRENDAMENTOS - PRINCIPAL,18224.06,2020-11-21
13000 - SECRETARIA DE AGRICULTURA E ABASTECIMENTO,00001 - GOVERNO DO ESTADO DE SAO PAULO,130041 - FED-DEPARTO. DE DESCENTR.DO DESENVOLVIMENTO,003 - RECURSOS VINCULADOS-FUNDO ESPECIAL DE DESPES,13210011 - REMUNERACAO  DEPOSITOS BANCARIOS - PRINCIPAL,101101.97,2020-11-21
13000 - SECRETARIA DE AGRICULTURA E ABASTECIMENTO,00001 - GOVERNO DO ESTADO DE SAO PAULO,130041 - FED-DEPARTO. DE DESCENTR.DO DESENVOLVIMENTO,003 - RECURSOS VINCULADOS-FUNDO ESPECIAL DE DESPES,14000011 - RECEITA AGROPECUARIA - PRINCIPAL,1599317.76,2020-11-21
13000 - SECRETARIA DE AGRICULTURA E ABASTECIMENTO,00001 - GOVERNO DO ESTADO DE SAO PAULO,130041 - FED-DEPARTO. DE DESCENTR.DO DESENVOLVIMENTO,006 - OUTRAS FONTES DE RECURSOS,19909911 - OUTRAS RECEITAS - PRIMARIAS - PRINCIPAL,92396.66,2020-11-21
13000 - SECRETARIA DE AGRICULTURA E ABASTECIMENTO,00001 - GOVERNO DO ESTADO DE SAO PAULO,130051 - PROJ.DESENV.RURAL SUSTENTAVEL-MICROBACIAS II,007 - OP.CRED.E CONTRIB.DO EXTERIOR-DOT.INIC.CR.SU,13210011 - REMUNERACAO  DEPOSITOS BANCARIOS - PRINCIPAL,67939.5,2020-11-21
13000 - SECRETARIA DE AGRICULTURA E ABASTECIMENTO,00001 - GOVERNO DO ESTADO DE SAO PAULO,130101 - GAB. SECRETARIO E ASSESSORIAS,001 - TESOURO-DOT.INICIAL E CRED.SUPLEMENTAR,11130341 - IRRF-OUTROS RENDIMENTOS-PRINCIPAL,270.87,2020-11-21
13000 - SECRETARIA DE AGRICULTURA E ABASTECIMENTO,00001 - GOVERNO DO ESTADO DE SAO PAULO,130101 - GAB. SECRETARIO E ASSESSORIAS,001 - TESOURO-DOT.INICIAL E CRED.SUPLEMENTAR,19100111 - MULTAS PREVISTAS LEG. ESPECIFICA-PRINCIPAL,30473.03,2020-11-21
13000 - SECRETARIA DE AGRICULTURA E ABASTECIMENTO,00001 - GOVERNO DO ESTADO DE SAO PAULO,130101 - GAB. SECRETARIO E ASSESSORIAS,001 - TESOURO-DOT.INICIAL E CRED.SUPLEMENTAR,19280291 - OUTRAS RESTITUICOES-ESPECIF.E/DF/M-PRINCIPAL,171523.03,2020-11-21
13000 - SECRETARIA DE AGRICULTURA E ABASTECIMENTO,00001 - GOVERNO DO ESTADO DE SAO PAULO,130101 - GAB. SECRETARIO E ASSESSORIAS,002 - RECURSOS VINCULADOS ESTADUAIS,17180231 - COTA-PARTE ROYALTIE-COMP.FIN.PROD.PETR-PRINC,25137783.03,2020-11-21
13000 - SECRETARIA DE AGRICULTURA E ABASTECIMENTO,00001 - GOVERNO DO ESTADO DE SAO PAULO,130101 - GAB. SECRETARIO E ASSESSORIAS,005 - RECURSOS VINCULADOS FEDERAIS,13210011 - REMUNERACAO  DEPOSITOS BANCARIOS - PRINCIPAL,827.94,2020-11-21
13000 - SECRETARIA DE AGRICULTURA E ABASTECIMENTO,00001 - GOVERNO DO ESTADO DE SAO PAULO,130102 - DEPTO. ADMINISTRACAO,001 - TESOURO-DOT.INICIAL E CRED.SUPLEMENTAR,11130341 - IRRF-OUTROS RENDIMENTOS-PRINCIPAL,4240.06,2020-11-21
13000 - SECRETARIA DE AGRICULTURA E ABASTECIMENTO,00001 - GOVERNO DO ESTADO DE SAO PAULO,130102 - DEPTO. ADMINISTRACAO,001 - TESOURO-DOT.INICIAL E CRED.SUPLEMENTAR,19280291 - OUTRAS RESTITUICOES-ESPECIF.E/DF/M-PRINCIPAL,135.26,2020-11-21
13000 - SECRETARIA DE AGRICULTURA E ABASTECIMENTO,00001 - GOVERNO DO ESTADO DE SAO PAULO,130104 - GAB. COORD. COORDEN. DES. RURAL SUSTENTAVEL,003 - RECURSOS VINCULADOS-FUNDO ESPECIAL DE DESPES,13210011 - REMUNERACAO  DEPOSITOS BANCARIOS - PRINCIPAL,405.24,2020-11-21
13000 - SECRETARIA DE AGRICULTURA E ABASTECIMENTO,00001 - GOVERNO DO ESTADO DE SAO PAULO,130104 - GAB. COORD. COORDEN. DES. RURAL SUSTENTAVEL,005 - RECURSOS VINCULADOS FEDERAIS,13210011 - REMUNERACAO  DEPOSITOS BANCARIOS - PRINCIPAL,17852.38,2020-11-21
13000 - SECRETARIA DE AGRICULTURA E ABASTECIMENTO,00001 - GOVERNO DO ESTADO DE SAO PAULO,"130106 - DEPTO. SEMENTES, MUDAS E MATRIZES",001 - TESOURO-DOT.INICIAL E CRED.SUPLEMENTAR,19909911 - OUTRAS RECEITAS - PRIMARIAS - PRINCIPAL,1222.0,2020-11-21
13000 - SECRETARIA DE AGRICULTURA E ABASTECIMENTO,00001 - GOVERNO DO ESTADO DE SAO PAULO,130124 - INSTITUTO AGRONOMICO-IAC,005 - RECURSOS VINCULADOS FEDERAIS,17181091 - OUTRAS TRANSF.CONVENIOS UNIAO - PRINCIPAL,102762.0,2020-11-21
13000 - SECRETARIA DE AGRICULTURA E ABASTECIMENTO,00001 - GOVERNO DO ESTADO DE SAO PAULO,130124 - INSTITUTO AGRONOMICO-IAC,005 - RECURSOS VINCULADOS FEDERAIS,24181091 - OUTRAS TRANSF.CONVENIOS DA UNIAO-PRINCIPAL,888457.0,2020-11-21
13000 - SECRETARIA DE AGRICULTURA E ABASTECIMENTO,00001 - GOVERNO DO ESTADO DE SAO PAULO,130125 - INSTITUTO BIOLOGICO-IB,001 - TESOURO-DOT.INICIAL E CRED.SUPLEMENTAR,22200011 - ALIENACAO DE BENS IMOVEIS - PRINCIPAL,702645.31,2020-11-21
13000 - SECRETARIA DE AGRICULTURA E ABASTECIMENTO,00001 - GOVERNO DO ESTADO DE SAO PAULO,130126 - INSTITUTO DE ZOOTECNIA-IZ,001 - TESOURO-DOT.INICIAL E CRED.SUPLEMENTAR,22200011 - ALIENACAO DE BENS IMOVEIS - PRINCIPAL,631032.59,2020-11-21
13000 - SECRETARIA DE AGRICULTURA E ABASTECIMENTO,00001 - GOVERNO DO ESTADO DE SAO PAULO,130127 - INST. TECNOLOGIA DE ALIMENTOS-ITAL,001 - TESOURO-DOT.INICIAL E CRED.SUPLEMENTAR,19909911 - OUTRAS RECEITAS - PRIMARIAS - PRINCIPAL,221.48,2020-11-21
13000 - SECRETARIA DE AGRICULTURA E ABASTECIMENTO,00001 - GOVERNO DO ESTADO DE SAO PAULO,130157 - ESC.DESENV.RURAL DE LINS,001 - TESOURO-DOT.INICIAL E CRED.SUPLEMENTAR,19909911 - OUTRAS RECEITAS - PRIMARIAS - PRINCIPAL,70.0,2020-11-21
13000 - SECRETARIA DE AGRICULTURA E ABASTECIMENTO,00001 - GOVERNO DO ESTADO DE SAO PAULO,130175 - GABINETE DO COORD. DESENVOL. AGRONEGOCIO,001 - TESOURO-DOT.INICIAL E CRED.SUPLEMENTAR,11130341 - IRRF-OUTROS RENDIMENTOS-PRINCIPAL,0.0,2020-11-21
13000 - SECRETARIA DE AGRICULTURA E ABASTECIMENTO,00001 - GOVERNO DO ESTADO DE SAO PAULO,130175 - GABINETE DO COORD. DESENVOL. AGRONEGOCIO,001 - TESOURO-DOT.INICIAL E CRED.SUPLEMENTAR,19280291 - OUTRAS RESTITUICOES-ESPECIF.E/DF/M-PRINCIPAL,208.25,2020-11-21
13000 - SECRETARIA DE AGRICULTURA E ABASTECIMENTO,00001 - GOVERNO DO ESTADO DE SAO PAULO,130218 - GAB.COORD.AG.PAULISTA TEC.AGRONEGOCIOS,005 - RECURSOS VINCULADOS FEDERAIS,17181091 - OUTRAS TRANSF.CONVENIOS UNIAO - PRINCIPAL,2631042.0,2020-11-21
13000 - SECRETARIA DE AGRICULTURA E ABASTECIMENTO,00001 - GOVERNO DO ESTADO DE SAO PAULO,130219 - DEPTO.DESCENTRALIZACAO DO DESENVOLVIMENTO,001 - TESOURO-DOT.INICIAL E CRED.SUPLEMENTAR,19909911 - OUTRAS RECEITAS - PRIMARIAS - PRINCIPAL,2.71,2020-11-21
13000 - SECRETARIA DE AGRICULTURA E ABASTECIMENTO,13090 - CIA DE DESENVOLVIMENTO AGRICOLA DE SAO PAULO,133101 - CIA.DESENV.AGRICOLA S.P. - CODASP,004 - REC.PROPRIO-ADM.IND.-DOT.INIC.CR.SUPL.,13210011 - REMUNERACAO  DEPOSITOS BANCARIOS - PRINCIPAL,1.73,2020-11-21
13000 - SECRETARIA DE AGRICULTURA E ABASTECIMENTO,13090 - CIA DE DESENVOLVIMENTO AGRICOLA DE SAO PAULO,133181 - CIA.DESENV.AGRICOLA SP. - UGFTES,004 - REC.PROPRIO-ADM.IND.-DOT.INIC.CR.SUPL.,13210011 - REMUNERACAO  DEPOSITOS BANCARIOS - PRINCIPAL,0.26,2020-11-21
13000 - SECRETARIA DE AGRICULTURA E ABASTECIMENTO,13090 - CIA DE DESENVOLVIMENTO AGRICOLA DE SAO PAULO,133184 - CIA.DESENV.AGRICOLA SP. - UGFRP,004 - REC.PROPRIO-ADM.IND.-DOT.INIC.CR.SUPL.,13210011 - REMUNERACAO  DEPOSITOS BANCARIOS - PRINCIPAL,0.01,2020-11-21
16000 - SECRETARIA DE LOGISTICA E TRANSPORTES,00001 - GOVERNO DO ESTADO DE SAO PAULO,160001 - SECRETARIA DE LOGISTICA E TRANSPORTES,005 - RECURSOS VINCULADOS FEDERAIS,13210011 - REMUNERACAO  DEPOSITOS BANCARIOS - PRINCIPAL,35604.3,2020-11-21
16000 - SECRETARIA DE LOGISTICA E TRANSPORTES,00001 - GOVERNO DO ESTADO DE SAO PAULO,160030 - FED-DEPARTAMENTO HIDROVIARIO-C.T.O,003 - RECURSOS VINCULADOS-FUNDO ESPECIAL DE DESPES,13210011 - REMUNERACAO  DEPOSITOS BANCARIOS - PRINCIPAL,1328766.28,2020-11-21
16000 - SECRETARIA DE LOGISTICA E TRANSPORTES,00001 - GOVERNO DO ESTADO DE SAO PAULO,160030 - FED-DEPARTAMENTO HIDROVIARIO-C.T.O,003 - RECURSOS VINCULADOS-FUNDO ESPECIAL DE DESPES,16200111 - SERVICOS DE NAVEGACAO - PRINCIPAL,5136652.87,2020-11-21
16000 - SECRETARIA DE LOGISTICA E TRANSPORTES,00001 - GOVERNO DO ESTADO DE SAO PAULO,160030 - FED-DEPARTAMENTO HIDROVIARIO-C.T.O,003 - RECURSOS VINCULADOS-FUNDO ESPECIAL DE DESPES,16909911 - OUTROS SERVICOS - PRINCIPAL,205.45,2020-11-21
16000 - SECRETARIA DE LOGISTICA E TRANSPORTES,00001 - GOVERNO DO ESTADO DE SAO PAULO,160030 - FED-DEPARTAMENTO HIDROVIARIO-C.T.O,006 - OUTRAS FONTES DE RECURSOS,19909911 - OUTRAS RECEITAS - PRIMARIAS - PRINCIPAL,1123639.77,2020-11-21
16000 - SECRETARIA DE LOGISTICA E TRANSPORTES,00001 - GOVERNO DO ESTADO DE SAO PAULO,160030 - FED-DEPARTAMENTO HIDROVIARIO-C.T.O,043 - F.E.D - CREDITO POR SUPERAVIT FINANCEIRO,13210011 - REMUNERACAO  DEPOSITOS BANCARIOS - PRINCIPAL,6030.14,2020-11-21
16000 - SECRETARIA DE LOGISTICA E TRANSPORTES,00001 - GOVERNO DO ESTADO DE SAO PAULO,160101 - GABINETE DO SECRETARIO E ASSESSORIAS,001 - TESOURO-DOT.INICIAL E CRED.SUPLEMENTAR,11130341 - IRRF-OUTROS RENDIMENTOS-PRINCIPAL,158.28,2020-11-21
16000 - SECRETARIA DE LOGISTICA E TRANSPORTES,00001 - GOVERNO DO ESTADO DE SAO PAULO,160101 - GABINETE DO SECRETARIO E ASSESSORIAS,002 - RECURSOS VINCULADOS ESTADUAIS,12180111 - CPSSS - SERVIDOR CIVIL  ATIVO - PRINCIPAL,760398.02,2020-11-21
16000 - SECRETARIA DE LOGISTICA E TRANSPORTES,00001 - GOVERNO DO ESTADO DE SAO PAULO,160107 - CENTRO TECNICO OPERACIONAL,005 - RECURSOS VINCULADOS FEDERAIS,13210011 - REMUNERACAO  DEPOSITOS BANCARIOS - PRINCIPAL,970806.09,2020-11-21
16000 - SECRETARIA DE LOGISTICA E TRANSPORTES,00001 - GOVERNO DO ESTADO DE SAO PAULO,160107 - CENTRO TECNICO OPERACIONAL,006 - OUTRAS FONTES DE RECURSOS,19909911 - OUTRAS RECEITAS - PRIMARIAS - PRINCIPAL,2066890.0,2020-11-21
16000 - SECRETARIA DE LOGISTICA E TRANSPORTES,16055 - DEPTO. DE ESTRADAS E RODAGEM,162101 - DEPTO. ESTRADAS DE RODAGEM-DER,002 - RECURSOS VINCULADOS ESTADUAIS,11280191 - TAXAS DE INSPEC.CONTROLE E FISCALIZAC -OUTRA,16566.0,2020-11-21
16000 - SECRETARIA DE LOGISTICA E TRANSPORTES,16055 - DEPTO. DE ESTRADAS E RODAGEM,162101 - DEPTO. ESTRADAS DE RODAGEM-DER,002 - RECURSOS VINCULADOS ESTADUAIS,12180111 - CPSSS - SERVIDOR CIVIL  ATIVO - PRINCIPAL,446796.68,2020-11-21
16000 - SECRETARIA DE LOGISTICA E TRANSPORTES,16055 - DEPTO. DE ESTRADAS E RODAGEM,162101 - DEPTO. ESTRADAS DE RODAGEM-DER,002 - RECURSOS VINCULADOS ESTADUAIS,13210011 - REMUNERACAO  DEPOSITOS BANCARIOS - PRINCIPAL,15270141.13,2020-11-21
16000 - SECRETARIA DE LOGISTICA E TRANSPORTES,16055 - DEPTO. DE ESTRADAS E RODAGEM,162101 - DEPTO. ESTRADAS DE RODAGEM-DER,002 - RECURSOS VINCULADOS ESTADUAIS,19100111 - MULTAS PREVISTAS LEG. ESPECIFICA-PRINCIPAL,683210517.58,2020-11-21
16000 - SECRETARIA DE LOGISTICA E TRANSPORTES,16055 - DEPTO. DE ESTRADAS E RODAGEM,162101 - DEPTO. ESTRADAS DE RODAGEM-DER,002 - RECURSOS VINCULADOS ESTADUAIS,19280291 - OUTRAS RESTITUICOES-ESPECIF.E/DF/M-PRINCIPAL,420.81,2020-11-21
16000 - SECRETARIA DE LOGISTICA E TRANSPORTES,16055 - DEPTO. DE ESTRADAS E RODAGEM,162101 - DEPTO. ESTRADAS DE RODAGEM-DER,004 - REC.PROPRIO-ADM.IND.-DOT.INIC.CR.SUPL.,11280191 - TAXAS DE INSPEC.CONTROLE E FISCALIZAC -OUTRA,276.1,2020-11-21
16000 - SECRETARIA DE LOGISTICA E TRANSPORTES,16055 - DEPTO. DE ESTRADAS E RODAGEM,162101 - DEPTO. ESTRADAS DE RODAGEM-DER,004 - REC.PROPRIO-ADM.IND.-DOT.INIC.CR.SUPL.,13100111 - ALUGUEIS E ARRENDAMENTOS - PRINCIPAL,781302.64,2020-11-21
16000 - SECRETARIA DE LOGISTICA E TRANSPORTES,16055 - DEPTO. DE ESTRADAS E RODAGEM,162101 - DEPTO. ESTRADAS DE RODAGEM-DER,004 - REC.PROPRIO-ADM.IND.-DOT.INIC.CR.SUPL.,13210011 - REMUNERACAO  DEPOSITOS BANCARIOS - PRINCIPAL,4982886.11,2020-11-21
16000 - SECRETARIA DE LOGISTICA E TRANSPORTES,16055 - DEPTO. DE ESTRADAS E RODAGEM,162101 - DEPTO. ESTRADAS DE RODAGEM-DER,004 - REC.PROPRIO-ADM.IND.-DOT.INIC.CR.SUPL.,13320111 - DELEG.EXPL. TRANSP.RODOV.SETOR PRIVADO-PRINC,19091347.68,2020-11-21
16000 - SECRETARIA DE LOGISTICA E TRANSPORTES,16055 - DEPTO. DE ESTRADAS E RODAGEM,162101 - DEPTO. ESTRADAS DE RODAGEM-DER,004 - REC.PROPRIO-ADM.IND.-DOT.INIC.CR.SUPL.,16200211 - SERVICOS DE TRANSPORTE - PRINCIPAL,10865731.88,2020-11-21
16000 - SECRETARIA DE LOGISTICA E TRANSPORTES,16055 - DEPTO. DE ESTRADAS E RODAGEM,162101 - DEPTO. ESTRADAS DE RODAGEM-DER,004 - REC.PROPRIO-ADM.IND.-DOT.INIC.CR.SUPL.,16909911 - OUTROS SERVICOS - PRINCIPAL,2263193.44,2020-11-21
16000 - SECRETARIA DE LOGISTICA E TRANSPORTES,16055 - DEPTO. DE ESTRADAS E RODAGEM,162101 - DEPTO. ESTRADAS DE RODAGEM-DER,004 - REC.PROPRIO-ADM.IND.-DOT.INIC.CR.SUPL.,19100111 - MULTAS PREVISTAS LEG. ESPECIFICA-PRINCIPAL,1284030.7,2020-11-21
16000 - SECRETARIA DE LOGISTICA E TRANSPORTES,16055 - DEPTO. DE ESTRADAS E RODAGEM,162101 - DEPTO. ESTRADAS DE RODAGEM-DER,004 - REC.PROPRIO-ADM.IND.-DOT.INIC.CR.SUPL.,19280291 - OUTRAS RESTITUICOES-ESPECIF.E/DF/M-PRINCIPAL,3332241.62,2020-11-21
16000 - SECRETARIA DE LOGISTICA E TRANSPORTES,16055 - DEPTO. DE ESTRADAS E RODAGEM,162101 - DEPTO. ESTRADAS DE RODAGEM-DER,004 - REC.PROPRIO-ADM.IND.-DOT.INIC.CR.SUPL.,19909911 - OUTRAS RECEITAS - PRIMARIAS - PRINCIPAL,28035205.83,2020-11-21
16000 - SECRETARIA DE LOGISTICA E TRANSPORTES,16055 - DEPTO. DE ESTRADAS E RODAGEM,162101 - DEPTO. ESTRADAS DE RODAGEM-DER,005 - RECURSOS VINCULADOS FEDERAIS,13210011 - REMUNERACAO  DEPOSITOS BANCARIOS - PRINCIPAL,3065.14,2020-11-21
16000 - SECRETARIA DE LOGISTICA E TRANSPORTES,16055 - DEPTO. DE ESTRADAS E RODAGEM,162101 - DEPTO. ESTRADAS DE RODAGEM-DER,006 - OUTRAS FONTES DE RECURSOS,19909911 - OUTRAS RECEITAS - PRIMARIAS - PRINCIPAL,17527369.86,2020-11-21
16000 - SECRETARIA DE LOGISTICA E TRANSPORTES,16055 - DEPTO. DE ESTRADAS E RODAGEM,162101 - DEPTO. ESTRADAS DE RODAGEM-DER,007 - OP.CRED.E CONTRIB.DO EXTERIOR-DOT.INIC.CR.SU,13210011 - REMUNERACAO  DEPOSITOS BANCARIOS - PRINCIPAL,27772755.05,2020-11-21
16000 - SECRETARIA DE LOGISTICA E TRANSPORTES,16055 - DEPTO. DE ESTRADAS E RODAGEM,162101 - DEPTO. ESTRADAS DE RODAGEM-DER,007 - OP.CRED.E CONTRIB.DO EXTERIOR-DOT.INIC.CR.SU,19280291 - OUTRAS RESTITUICOES-ESPECIF.E/DF/M-PRINCIPAL,356930.1,2020-11-21
16000 - SECRETARIA DE LOGISTICA E TRANSPORTES,16055 - DEPTO. DE ESTRADAS E RODAGEM,162101 - DEPTO. ESTRADAS DE RODAGEM-DER,042 - REC.VINC.ESTADUAIS-CRED.SUPERAVIT FINANCEIRO,13210011 - REMUNERACAO  DEPOSITOS BANCARIOS - PRINCIPAL,17841.01,2020-11-21
16000 - SECRETARIA DE LOGISTICA E TRANSPORTES,16055 - DEPTO. DE ESTRADAS E RODAGEM,162101 - DEPTO. ESTRADAS DE RODAGEM-DER,042 - REC.VINC.ESTADUAIS-CRED.SUPERAVIT FINANCEIRO,19100111 - MULTAS PREVISTAS LEG. ESPECIFICA-PRINCIPAL,25271.82,2020-11-21
16000 - SECRETARIA DE LOGISTICA E TRANSPORTES,16055 - DEPTO. DE ESTRADAS E RODAGEM,162101 - DEPTO. ESTRADAS DE RODAGEM-DER,042 - REC.VINC.ESTADUAIS-CRED.SUPERAVIT FINANCEIRO,19280291 - OUTRAS RESTITUICOES-ESPECIF.E/DF/M-PRINCIPAL,76201.76,2020-11-21
16000 - SECRETARIA DE LOGISTICA E TRANSPORTES,16055 - DEPTO. DE ESTRADAS E RODAGEM,162101 - DEPTO. ESTRADAS DE RODAGEM-DER,044 - REC.PROP.ADM.IND-CRED.P/SUPERVAVIT FINANCEIR,13210011 - REMUNERACAO  DEPOSITOS BANCARIOS - PRINCIPAL,0.0,2020-11-21
16000 - SECRETARIA DE LOGISTICA E TRANSPORTES,16055 - DEPTO. DE ESTRADAS E RODAGEM,162101 - DEPTO. ESTRADAS DE RODAGEM-DER,044 - REC.PROP.ADM.IND-CRED.P/SUPERVAVIT FINANCEIR,19100111 - MULTAS PREVISTAS LEG. ESPECIFICA-PRINCIPAL,42.72,2020-11-21
16000 - SECRETARIA DE LOGISTICA E TRANSPORTES,16055 - DEPTO. DE ESTRADAS E RODAGEM,162101 - DEPTO. ESTRADAS DE RODAGEM-DER,047 - REC.OPERAC. DE CREDITO-P/SUPERAVIT FINANCEIR,13210011 - REMUNERACAO  DEPOSITOS BANCARIOS - PRINCIPAL,10615.25,2020-11-21
16000 - SECRETARIA DE LOGISTICA E TRANSPORTES,16055 - DEPTO. DE ESTRADAS E RODAGEM,162101 - DEPTO. ESTRADAS DE RODAGEM-DER,047 - REC.OPERAC. DE CREDITO-P/SUPERAVIT FINANCEIR,19280291 - OUTRAS RESTITUICOES-ESPECIF.E/DF/M-PRINCIPAL,274255.14,2020-11-21
16000 - SECRETARIA DE LOGISTICA E TRANSPORTES,16055 - DEPTO. DE ESTRADAS E RODAGEM,162101 - DEPTO. ESTRADAS DE RODAGEM-DER,099 - EXTRA ORCAMENTARIA,13210011 - REMUNERACAO  DEPOSITOS BANCARIOS - PRINCIPAL,13260.99,2020-11-21
16000 - SECRETARIA DE LOGISTICA E TRANSPORTES,16055 - DEPTO. DE ESTRADAS E RODAGEM,162102 - DEPTO. ESTRADA E RODAGEM,007 - OP.CRED.E CONTRIB.DO EXTERIOR-DOT.INIC.CR.SU,13210011 - REMUNERACAO  DEPOSITOS BANCARIOS - PRINCIPAL,0.9,2020-11-21
16000 - SECRETARIA DE LOGISTICA E TRANSPORTES,16055 - DEPTO. DE ESTRADAS E RODAGEM,162103 - DR.01 - CAMPINAS,004 - REC.PROPRIO-ADM.IND.-DOT.INIC.CR.SUPL.,19280291 - OUTRAS RESTITUICOES-ESPECIF.E/DF/M-PRINCIPAL,32064.06,2020-11-21
16000 - SECRETARIA DE LOGISTICA E TRANSPORTES,16055 - DEPTO. DE ESTRADAS E RODAGEM,162103 - DR.01 - CAMPINAS,004 - REC.PROPRIO-ADM.IND.-DOT.INIC.CR.SUPL.,19909911 - OUTRAS RECEITAS - PRIMARIAS - PRINCIPAL,15974.09,2020-11-21
16000 - SECRETARIA DE LOGISTICA E TRANSPORTES,16055 - DEPTO. DE ESTRADAS E RODAGEM,162104 - DR.02 - ITAPETININGA,002 - RECURSOS VINCULADOS ESTADUAIS,19100111 - MULTAS PREVISTAS LEG. ESPECIFICA-PRINCIPAL,105.41,2020-11-21
16000 - SECRETARIA DE LOGISTICA E TRANSPORTES,16055 - DEPTO. DE ESTRADAS E RODAGEM,162104 - DR.02 - ITAPETININGA,004 - REC.PROPRIO-ADM.IND.-DOT.INIC.CR.SUPL.,19100111 - MULTAS PREVISTAS LEG. ESPECIFICA-PRINCIPAL,73.84,2020-11-21
16000 - SECRETARIA DE LOGISTICA E TRANSPORTES,16055 - DEPTO. DE ESTRADAS E RODAGEM,162104 - DR.02 - ITAPETININGA,004 - REC.PROPRIO-ADM.IND.-DOT.INIC.CR.SUPL.,19909911 - OUTRAS RECEITAS - PRIMARIAS - PRINCIPAL,1591.22,2020-11-21
16000 - SECRETARIA DE LOGISTICA E TRANSPORTES,16055 - DEPTO. DE ESTRADAS E RODAGEM,162107 - DR.05 - CUBATAO,004 - REC.PROPRIO-ADM.IND.-DOT.INIC.CR.SUPL.,13210011 - REMUNERACAO  DEPOSITOS BANCARIOS - PRINCIPAL,796.86,2020-11-21
16000 - SECRETARIA DE LOGISTICA E TRANSPORTES,16055 - DEPTO. DE ESTRADAS E RODAGEM,162107 - DR.05 - CUBATAO,004 - REC.PROPRIO-ADM.IND.-DOT.INIC.CR.SUPL.,19280291 - OUTRAS RESTITUICOES-ESPECIF.E/DF/M-PRINCIPAL,7608.96,2020-11-21
16000 - SECRETARIA DE LOGISTICA E TRANSPORTES,16055 - DEPTO. DE ESTRADAS E RODAGEM,162107 - DR.05 - CUBATAO,004 - REC.PROPRIO-ADM.IND.-DOT.INIC.CR.SUPL.,19909911 - OUTRAS RECEITAS - PRIMARIAS - PRINCIPAL,1624.92,2020-11-21
16000 - SECRETARIA DE LOGISTICA E TRANSPORTES,16055 - DEPTO. DE ESTRADAS E RODAGEM,162108 - DR.06 - TAUBATE,004 - REC.PROPRIO-ADM.IND.-DOT.INIC.CR.SUPL.,19909911 - OUTRAS RECEITAS - PRIMARIAS - PRINCIPAL,53.44,2020-11-21
16000 - SECRETARIA DE LOGISTICA E TRANSPORTES,16055 - DEPTO. DE ESTRADAS E RODAGEM,162109 - DR.07 - ASSIS,004 - REC.PROPRIO-ADM.IND.-DOT.INIC.CR.SUPL.,19280291 - OUTRAS RESTITUICOES-ESPECIF.E/DF/M-PRINCIPAL,291.29,2020-11-21
16000 - SECRETARIA DE LOGISTICA E TRANSPORTES,16055 - DEPTO. DE ESTRADAS E RODAGEM,162110 - DR.08 - RIBEIRAO PRETO,004 - REC.PROPRIO-ADM.IND.-DOT.INIC.CR.SUPL.,19280291 - OUTRAS RESTITUICOES-ESPECIF.E/DF/M-PRINCIPAL,202.93,2020-11-21
16000 - SECRETARIA DE LOGISTICA E TRANSPORTES,16055 - DEPTO. DE ESTRADAS E RODAGEM,162111 - DR.09 - SAO JOSE DO RIO PRETO,004 - REC.PROPRIO-ADM.IND.-DOT.INIC.CR.SUPL.,16909911 - OUTROS SERVICOS - PRINCIPAL,26782.16,2020-11-21
16000 - SECRETARIA DE LOGISTICA E TRANSPORTES,16055 - DEPTO. DE ESTRADAS E RODAGEM,162112 - DR.10 - GDE.SAO PAULO,004 - REC.PROPRIO-ADM.IND.-DOT.INIC.CR.SUPL.,19100111 - MULTAS PREVISTAS LEG. ESPECIFICA-PRINCIPAL,71.32,2020-11-21
16000 - SECRETARIA DE LOGISTICA E TRANSPORTES,16055 - DEPTO. DE ESTRADAS E RODAGEM,162112 - DR.10 - GDE.SAO PAULO,004 - REC.PROPRIO-ADM.IND.-DOT.INIC.CR.SUPL.,19280291 - OUTRAS RESTITUICOES-ESPECIF.E/DF/M-PRINCIPAL,78579.08,2020-11-21
16000 - SECRETARIA DE LOGISTICA E TRANSPORTES,16055 - DEPTO. DE ESTRADAS E RODAGEM,162112 - DR.10 - GDE.SAO PAULO,004 - REC.PROPRIO-ADM.IND.-DOT.INIC.CR.SUPL.,19909911 - OUTRAS RECEITAS - PRIMARIAS - PRINCIPAL,14617.18,2020-11-21
16000 - SECRETARIA DE LOGISTICA E TRANSPORTES,16055 - DEPTO. DE ESTRADAS E RODAGEM,162113 - DR.11 - ARACATUBA,004 - REC.PROPRIO-ADM.IND.-DOT.INIC.CR.SUPL.,13100111 - ALUGUEIS E ARRENDAMENTOS - PRINCIPAL,22494.06,2020-11-21
16000 - SECRETARIA DE LOGISTICA E TRANSPORTES,16055 - DEPTO. DE ESTRADAS E RODAGEM,162115 - DR.13 - RIO CLARO,004 - REC.PROPRIO-ADM.IND.-DOT.INIC.CR.SUPL.,19280291 - OUTRAS RESTITUICOES-ESPECIF.E/DF/M-PRINCIPAL,9426.06,2020-11-21
16000 - SECRETARIA DE LOGISTICA E TRANSPORTES,16055 - DEPTO. DE ESTRADAS E RODAGEM,162181 - DEPTO.ESTR.E RODAGEM-SEDE - UGFTES,004 - REC.PROPRIO-ADM.IND.-DOT.INIC.CR.SUPL.,13210011 - REMUNERACAO  DEPOSITOS BANCARIOS - PRINCIPAL,12.25,2020-11-21
16000 - SECRETARIA DE LOGISTICA E TRANSPORTES,16055 - DEPTO. DE ESTRADAS E RODAGEM,162181 - DEPTO.ESTR.E RODAGEM-SEDE - UGFTES,044 - REC.PROP.ADM.IND-CRED.P/SUPERVAVIT FINANCEIR,13210011 - REMUNERACAO  DEPOSITOS BANCARIOS - PRINCIPAL,0.08,2020-11-21
16000 - SECRETARIA DE LOGISTICA E TRANSPORTES,16055 - DEPTO. DE ESTRADAS E RODAGEM,162184 - DEPTO.ESTR.E RODAGEM-SEDE - UGFRP,002 - RECURSOS VINCULADOS ESTADUAIS,19100111 - MULTAS PREVISTAS LEG. ESPECIFICA-PRINCIPAL,0.0,2020-11-21
16000 - SECRETARIA DE LOGISTICA E TRANSPORTES,16055 - DEPTO. DE ESTRADAS E RODAGEM,162184 - DEPTO.ESTR.E RODAGEM-SEDE - UGFRP,004 - REC.PROPRIO-ADM.IND.-DOT.INIC.CR.SUPL.,13210011 - REMUNERACAO  DEPOSITOS BANCARIOS - PRINCIPAL,56479.97,2020-11-21
16000 - SECRETARIA DE LOGISTICA E TRANSPORTES,16055 - DEPTO. DE ESTRADAS E RODAGEM,162184 - DEPTO.ESTR.E RODAGEM-SEDE - UGFRP,004 - REC.PROPRIO-ADM.IND.-DOT.INIC.CR.SUPL.,16200211 - SERVICOS DE TRANSPORTE - PRINCIPAL,0.0,2020-11-21
16000 - SECRETARIA DE LOGISTICA E TRANSPORTES,16055 - DEPTO. DE ESTRADAS E RODAGEM,162184 - DEPTO.ESTR.E RODAGEM-SEDE - UGFRP,004 - REC.PROPRIO-ADM.IND.-DOT.INIC.CR.SUPL.,19280291 - OUTRAS RESTITUICOES-ESPECIF.E/DF/M-PRINCIPAL,118.84,2020-11-21
16000 - SECRETARIA DE LOGISTICA E TRANSPORTES,16056 - DEPTO. AEROVIARIO DO EST. DE SAO PAULO,162201 - DEPTO. AEROVIARIO DO ESTADO SAO PAULO-DAESP,002 - RECURSOS VINCULADOS ESTADUAIS,19909913 - OUTRAS RECEITAS - PRIMARIAS - DIVIDA ATIVA,387505.35,2020-11-21
16000 - SECRETARIA DE LOGISTICA E TRANSPORTES,16056 - DEPTO. AEROVIARIO DO EST. DE SAO PAULO,162201 - DEPTO. AEROVIARIO DO ESTADO SAO PAULO-DAESP,004 - REC.PROPRIO-ADM.IND.-DOT.INIC.CR.SUPL.,13100111 - ALUGUEIS E ARRENDAMENTOS - PRINCIPAL,7712085.77,2020-11-21
16000 - SECRETARIA DE LOGISTICA E TRANSPORTES,16056 - DEPTO. AEROVIARIO DO EST. DE SAO PAULO,162201 - DEPTO. AEROVIARIO DO ESTADO SAO PAULO-DAESP,004 - REC.PROPRIO-ADM.IND.-DOT.INIC.CR.SUPL.,13210011 - REMUNERACAO  DEPOSITOS BANCARIOS - PRINCIPAL,61228.49,2020-11-21
16000 - SECRETARIA DE LOGISTICA E TRANSPORTES,16056 - DEPTO. AEROVIARIO DO EST. DE SAO PAULO,162201 - DEPTO. AEROVIARIO DO ESTADO SAO PAULO-DAESP,004 - REC.PROPRIO-ADM.IND.-DOT.INIC.CR.SUPL.,13320411 - DELEGACAO EXPL.INFRA AEROPORTUARIA-PRINCIPAL,15305751.73,2020-11-21
16000 - SECRETARIA DE LOGISTICA E TRANSPORTES,16056 - DEPTO. AEROVIARIO DO EST. DE SAO PAULO,162201 - DEPTO. AEROVIARIO DO ESTADO SAO PAULO-DAESP,004 - REC.PROPRIO-ADM.IND.-DOT.INIC.CR.SUPL.,19280291 - OUTRAS RESTITUICOES-ESPECIF.E/DF/M-PRINCIPAL,343494.56,2020-11-21
16000 - SECRETARIA DE LOGISTICA E TRANSPORTES,16056 - DEPTO. AEROVIARIO DO EST. DE SAO PAULO,162201 - DEPTO. AEROVIARIO DO ESTADO SAO PAULO-DAESP,005 - RECURSOS VINCULADOS FEDERAIS,13210011 - REMUNERACAO  DEPOSITOS BANCARIOS - PRINCIPAL,40.87,2020-11-21
16000 - SECRETARIA DE LOGISTICA E TRANSPORTES,16056 - DEPTO. AEROVIARIO DO EST. DE SAO PAULO,162201 - DEPTO. AEROVIARIO DO ESTADO SAO PAULO-DAESP,006 - OUTRAS FONTES DE RECURSOS,19909911 - OUTRAS RECEITAS - PRIMARIAS - PRINCIPAL,0.0,2020-11-21
16000 - SECRETARIA DE LOGISTICA E TRANSPORTES,16056 - DEPTO. AEROVIARIO DO EST. DE SAO PAULO,162201 - DEPTO. AEROVIARIO DO ESTADO SAO PAULO-DAESP,044 - REC.PROP.ADM.IND-CRED.P/SUPERVAVIT FINANCEIR,13210011 - REMUNERACAO  DEPOSITOS BANCARIOS - PRINCIPAL,63069.97,2020-11-21
16000 - SECRETARIA DE LOGISTICA E TRANSPORTES,16056 - DEPTO. AEROVIARIO DO EST. DE SAO PAULO,162284 - DEPTO.AEROVIARIO DO EST.SP. - UGFRP,004 - REC.PROPRIO-ADM.IND.-DOT.INIC.CR.SUPL.,13210011 - REMUNERACAO  DEPOSITOS BANCARIOS - PRINCIPAL,0.0,2020-11-21
16000 - SECRETARIA DE LOGISTICA E TRANSPORTES,16093 - COMPANHIA DOCAS DE SAO SEBASTIAO,163301 - COMPANHIA DOCAS DE SAO SEBASTIAO,004 - REC.PROPRIO-ADM.IND.-DOT.INIC.CR.SUPL.,16909911 - OUTROS SERVICOS - PRINCIPAL,18063360.65,2020-11-21
16000 - SECRETARIA DE LOGISTICA E TRANSPORTES,16093 - COMPANHIA DOCAS DE SAO SEBASTIAO,163381 - CIA.DOCAS DE SAO SEBASTIAO - UGFTES,004 - REC.PROPRIO-ADM.IND.-DOT.INIC.CR.SUPL.,16909911 - OUTROS SERVICOS - PRINCIPAL,897.5,2020-11-21
16000 - SECRETARIA DE LOGISTICA E TRANSPORTES,16093 - COMPANHIA DOCAS DE SAO SEBASTIAO,163384 - CIA.DOCAS DE SAO SEBASTIAO - UGFRP,004 - REC.PROPRIO-ADM.IND.-DOT.INIC.CR.SUPL.,16909911 - OUTROS SERVICOS - PRINCIPAL,565653.01,2020-11-21
17000 - SEC.DA JUSTICA E CIDADANIA,00001 - GOVERNO DO ESTADO DE SAO PAULO,170030 - FED-INTERESSES DIFUSOS-FID,003 - RECURSOS VINCULADOS-FUNDO ESPECIAL DE DESPES,13210011 - REMUNERACAO  DEPOSITOS BANCARIOS - PRINCIPAL,4684971.6,2020-11-21
17000 - SEC.DA JUSTICA E CIDADANIA,00001 - GOVERNO DO ESTADO DE SAO PAULO,170030 - FED-INTERESSES DIFUSOS-FID,003 - RECURSOS VINCULADOS-FUNDO ESPECIAL DE DESPES,19280291 - OUTRAS RESTITUICOES-ESPECIF.E/DF/M-PRINCIPAL,20232461.87,2020-11-21
17000 - SEC.DA JUSTICA E CIDADANIA,00001 - GOVERNO DO ESTADO DE SAO PAULO,170101 - GABINETE DO SECRETARIO,001 - TESOURO-DOT.INICIAL E CRED.SUPLEMENTAR,19280291 - OUTRAS RESTITUICOES-ESPECIF.E/DF/M-PRINCIPAL,10980.18,2020-11-21
17000 - SEC.DA JUSTICA E CIDADANIA,00001 - GOVERNO DO ESTADO DE SAO PAULO,170101 - GABINETE DO SECRETARIO,002 - RECURSOS VINCULADOS ESTADUAIS,12180111 - CPSSS - SERVIDOR CIVIL  ATIVO - PRINCIPAL,9479.84,2020-11-21
17000 - SEC.DA JUSTICA E CIDADANIA,00001 - GOVERNO DO ESTADO DE SAO PAULO,170101 - GABINETE DO SECRETARIO,005 - RECURSOS VINCULADOS FEDERAIS,13210011 - REMUNERACAO  DEPOSITOS BANCARIOS - PRINCIPAL,1801000.0,2020-11-21
17000 - SEC.DA JUSTICA E CIDADANIA,17046 - FUND. DE PROTECAO E DEFESA DO CONSUMIDOR,171101 - FUNDACAO DE PROT. E DEFESA DO CONSUMIDOR,002 - RECURSOS VINCULADOS ESTADUAIS,13210011 - REMUNERACAO  DEPOSITOS BANCARIOS - PRINCIPAL,2117180.87,2020-11-21
17000 - SEC.DA JUSTICA E CIDADANIA,17046 - FUND. DE PROTECAO E DEFESA DO CONSUMIDOR,171101 - FUNDACAO DE PROT. E DEFESA DO CONSUMIDOR,002 - RECURSOS VINCULADOS ESTADUAIS,19100111 - MULTAS PREVISTAS LEG. ESPECIFICA-PRINCIPAL,2118.33,2020-11-21
17000 - SEC.DA JUSTICA E CIDADANIA,17046 - FUND. DE PROTECAO E DEFESA DO CONSUMIDOR,171101 - FUNDACAO DE PROT. E DEFESA DO CONSUMIDOR,002 - RECURSOS VINCULADOS ESTADUAIS,19280111 - INDENIZAC,414.77,2020-11-21
17000 - SEC.DA JUSTICA E CIDADANIA,17046 - FUND. DE PROTECAO E DEFESA DO CONSUMIDOR,171101 - FUNDACAO DE PROT. E DEFESA DO CONSUMIDOR,002 - RECURSOS VINCULADOS ESTADUAIS,19280291 - OUTRAS RESTITUICOES-ESPECIF.E/DF/M-PRINCIPAL,527727.8,2020-11-21
17000 - SEC.DA JUSTICA E CIDADANIA,17046 - FUND. DE PROTECAO E DEFESA DO CONSUMIDOR,171101 - FUNDACAO DE PROT. E DEFESA DO CONSUMIDOR,002 - RECURSOS VINCULADOS ESTADUAIS,19909913 - OUTRAS RECEITAS - PRIMARIAS - DIVIDA ATIVA,93799547.3,2020-11-21
17000 - SEC.DA JUSTICA E CIDADANIA,17046 - FUND. DE PROTECAO E DEFESA DO CONSUMIDOR,171101 - FUNDACAO DE PROT. E DEFESA DO CONSUMIDOR,002 - RECURSOS VINCULADOS ESTADUAIS,19909914 - OUTRAS REC-PRIMARIAS-DIV.ATIVA-MULTAS/JUROS,468707.73,2020-11-21
17000 - SEC.DA JUSTICA E CIDADANIA,17046 - FUND. DE PROTECAO E DEFESA DO CONSUMIDOR,171101 - FUNDACAO DE PROT. E DEFESA DO CONSUMIDOR,004 - REC.PROPRIO-ADM.IND.-DOT.INIC.CR.SUPL.,13210011 - REMUNERACAO  DEPOSITOS BANCARIOS - PRINCIPAL,3324700.05,2020-11-21
17000 - SEC.DA JUSTICA E CIDADANIA,17046 - FUND. DE PROTECAO E DEFESA DO CONSUMIDOR,171101 - FUNDACAO DE PROT. E DEFESA DO CONSUMIDOR,004 - REC.PROPRIO-ADM.IND.-DOT.INIC.CR.SUPL.,16100111 - SERVICO ADMINISTRATIVO/COML.GERAL -PRINCIPAL,504.17,2020-11-21
17000 - SEC.DA JUSTICA E CIDADANIA,17046 - FUND. DE PROTECAO E DEFESA DO CONSUMIDOR,171101 - FUNDACAO DE PROT. E DEFESA DO CONSUMIDOR,004 - REC.PROPRIO-ADM.IND.-DOT.INIC.CR.SUPL.,16909911 - OUTROS SERVICOS - PRINCIPAL,4257.49,2020-11-21
17000 - SEC.DA JUSTICA E CIDADANIA,17046 - FUND. DE PROTECAO E DEFESA DO CONSUMIDOR,171101 - FUNDACAO DE PROT. E DEFESA DO CONSUMIDOR,004 - REC.PROPRIO-ADM.IND.-DOT.INIC.CR.SUPL.,19100111 - MULTAS PREVISTAS LEG. ESPECIFICA-PRINCIPAL,26965930.72,2020-11-21
17000 - SEC.DA JUSTICA E CIDADANIA,17046 - FUND. DE PROTECAO E DEFESA DO CONSUMIDOR,171101 - FUNDACAO DE PROT. E DEFESA DO CONSUMIDOR,004 - REC.PROPRIO-ADM.IND.-DOT.INIC.CR.SUPL.,19280111 - INDENIZAC,47605.99,2020-11-21
17000 - SEC.DA JUSTICA E CIDADANIA,17046 - FUND. DE PROTECAO E DEFESA DO CONSUMIDOR,171101 - FUNDACAO DE PROT. E DEFESA DO CONSUMIDOR,004 - REC.PROPRIO-ADM.IND.-DOT.INIC.CR.SUPL.,19280291 - OUTRAS RESTITUICOES-ESPECIF.E/DF/M-PRINCIPAL,241072.65,2020-11-21
17000 - SEC.DA JUSTICA E CIDADANIA,17046 - FUND. DE PROTECAO E DEFESA DO CONSUMIDOR,171101 - FUNDACAO DE PROT. E DEFESA DO CONSUMIDOR,006 - OUTRAS FONTES DE RECURSOS,19909911 - OUTRAS RECEITAS - PRIMARIAS - PRINCIPAL,7657.54,2020-11-21
17000 - SEC.DA JUSTICA E CIDADANIA,17046 - FUND. DE PROTECAO E DEFESA DO CONSUMIDOR,171101 - FUNDACAO DE PROT. E DEFESA DO CONSUMIDOR,042 - REC.VINC.ESTADUAIS-CRED.SUPERAVIT FINANCEIRO,19280291 - OUTRAS RESTITUICOES-ESPECIF.E/DF/M-PRINCIPAL,444.8,2020-11-21
17000 - SEC.DA JUSTICA E CIDADANIA,17047 - FUND.INST.TERRAS EST.SP.-JOSE GOMES DA SILVA,171201 - FUND.INST.TERRAS E.S.P.JOSE GOMES DA SILVA,001 - TESOURO-DOT.INICIAL E CRED.SUPLEMENTAR,13210011 - REMUNERACAO  DEPOSITOS BANCARIOS - PRINCIPAL,144.16,2020-11-21
17000 - SEC.DA JUSTICA E CIDADANIA,17047 - FUND.INST.TERRAS EST.SP.-JOSE GOMES DA SILVA,171201 - FUND.INST.TERRAS E.S.P.JOSE GOMES DA SILVA,004 - REC.PROPRIO-ADM.IND.-DOT.INIC.CR.SUPL.,13210011 - REMUNERACAO  DEPOSITOS BANCARIOS - PRINCIPAL,110753.73,2020-11-21
17000 - SEC.DA JUSTICA E CIDADANIA,17047 - FUND.INST.TERRAS EST.SP.-JOSE GOMES DA SILVA,171201 - FUND.INST.TERRAS E.S.P.JOSE GOMES DA SILVA,004 - REC.PROPRIO-ADM.IND.-DOT.INIC.CR.SUPL.,16909911 - OUTROS SERVICOS - PRINCIPAL,1715596.87,2020-11-21
17000 - SEC.DA JUSTICA E CIDADANIA,17047 - FUND.INST.TERRAS EST.SP.-JOSE GOMES DA SILVA,171201 - FUND.INST.TERRAS E.S.P.JOSE GOMES DA SILVA,004 - REC.PROPRIO-ADM.IND.-DOT.INIC.CR.SUPL.,22130011 - ALIENACAO BENS MOVEIS/SEMOVENTES- PRINCIPAL,42165.5,2020-11-21
17000 - SEC.DA JUSTICA E CIDADANIA,17047 - FUND.INST.TERRAS EST.SP.-JOSE GOMES DA SILVA,171201 - FUND.INST.TERRAS E.S.P.JOSE GOMES DA SILVA,005 - RECURSOS VINCULADOS FEDERAIS,13210011 - REMUNERACAO  DEPOSITOS BANCARIOS - PRINCIPAL,38349.24,2020-11-21
17000 - SEC.DA JUSTICA E CIDADANIA,17047 - FUND.INST.TERRAS EST.SP.-JOSE GOMES DA SILVA,171284 - FUND.INST.TERRAS SP.JOSE G.SILVA-UGFRP,004 - REC.PROPRIO-ADM.IND.-DOT.INIC.CR.SUPL.,13210011 - REMUNERACAO  DEPOSITOS BANCARIOS - PRINCIPAL,1501.86,2020-11-21
17000 - SEC.DA JUSTICA E CIDADANIA,17048 - FUND.CTO.AT.SOCIOEDUC.ADOLESC-FUND.CASA-SP,171302 - FUNDACAO C.A.S.A. - DRM-I F.ROCHA,001 - TESOURO-DOT.INICIAL E CRED.SUPLEMENTAR,19280291 - OUTRAS RESTITUICOES-ESPECIF.E/DF/M-PRINCIPAL,0.0,2020-11-21
17000 - SEC.DA JUSTICA E CIDADANIA,17048 - FUND.CTO.AT.SOCIOEDUC.ADOLESC-FUND.CASA-SP,171304 - FUND.C.A.S.A.-DRM-SUDESTE,001 - TESOURO-DOT.INICIAL E CRED.SUPLEMENTAR,19280291 - OUTRAS RESTITUICOES-ESPECIF.E/DF/M-PRINCIPAL,0.0,2020-11-21
17000 - SEC.DA JUSTICA E CIDADANIA,17048 - FUND.CTO.AT.SOCIOEDUC.ADOLESC-FUND.CASA-SP,171306 - FUND.C.A.S.A.-DRM-NOROESTE,001 - TESOURO-DOT.INICIAL E CRED.SUPLEMENTAR,19280291 - OUTRAS RESTITUICOES-ESPECIF.E/DF/M-PRINCIPAL,0.0,2020-11-21
17000 - SEC.DA JUSTICA E CIDADANIA,17048 - FUND.CTO.AT.SOCIOEDUC.ADOLESC-FUND.CASA-SP,171308 - FUNDACAO C.A.S.A. - DR V. PARAIBA,001 - TESOURO-DOT.INICIAL E CRED.SUPLEMENTAR,19280291 - OUTRAS RESTITUICOES-ESPECIF.E/DF/M-PRINCIPAL,0.0,2020-11-21
17000 - SEC.DA JUSTICA E CIDADANIA,17048 - FUND.CTO.AT.SOCIOEDUC.ADOLESC-FUND.CASA-SP,171312 - FUNDACAO C.A.S.A. - SEDE ADMINISTRACAO,001 - TESOURO-DOT.INICIAL E CRED.SUPLEMENTAR,19280291 - OUTRAS RESTITUICOES-ESPECIF.E/DF/M-PRINCIPAL,0.0,2020-11-21
17000 - SEC.DA JUSTICA E CIDADANIA,17048 - FUND.CTO.AT.SOCIOEDUC.ADOLESC-FUND.CASA-SP,171312 - FUNDACAO C.A.S.A. - SEDE ADMINISTRACAO,004 - REC.PROPRIO-ADM.IND.-DOT.INIC.CR.SUPL.,13210011 - REMUNERACAO  DEPOSITOS BANCARIOS - PRINCIPAL,4568.69,2020-11-21
17000 - SEC.DA JUSTICA E CIDADANIA,17048 - FUND.CTO.AT.SOCIOEDUC.ADOLESC-FUND.CASA-SP,171312 - FUNDACAO C.A.S.A. - SEDE ADMINISTRACAO,004 - REC.PROPRIO-ADM.IND.-DOT.INIC.CR.SUPL.,16100111 - SERVICO ADMINISTRATIVO/COML.GERAL -PRINCIPAL,4146.28,2020-11-21
17000 - SEC.DA JUSTICA E CIDADANIA,17048 - FUND.CTO.AT.SOCIOEDUC.ADOLESC-FUND.CASA-SP,171312 - FUNDACAO C.A.S.A. - SEDE ADMINISTRACAO,004 - REC.PROPRIO-ADM.IND.-DOT.INIC.CR.SUPL.,19280291 - OUTRAS RESTITUICOES-ESPECIF.E/DF/M-PRINCIPAL,45089647.54,2020-11-21
17000 - SEC.DA JUSTICA E CIDADANIA,17048 - FUND.CTO.AT.SOCIOEDUC.ADOLESC-FUND.CASA-SP,171312 - FUNDACAO C.A.S.A. - SEDE ADMINISTRACAO,004 - REC.PROPRIO-ADM.IND.-DOT.INIC.CR.SUPL.,19901221 - ONUS DE SUCUMBENCIA - PRINCIPAL,280385.32,2020-11-21
17000 - SEC.DA JUSTICA E CIDADANIA,17048 - FUND.CTO.AT.SOCIOEDUC.ADOLESC-FUND.CASA-SP,171312 - FUNDACAO C.A.S.A. - SEDE ADMINISTRACAO,004 - REC.PROPRIO-ADM.IND.-DOT.INIC.CR.SUPL.,19909911 - OUTRAS RECEITAS - PRIMARIAS - PRINCIPAL,18573.28,2020-11-21
17000 - SEC.DA JUSTICA E CIDADANIA,17048 - FUND.CTO.AT.SOCIOEDUC.ADOLESC-FUND.CASA-SP,171312 - FUNDACAO C.A.S.A. - SEDE ADMINISTRACAO,005 - RECURSOS VINCULADOS FEDERAIS,13210011 - REMUNERACAO  DEPOSITOS BANCARIOS - PRINCIPAL,1046.96,2020-11-21
17000 - SEC.DA JUSTICA E CIDADANIA,17048 - FUND.CTO.AT.SOCIOEDUC.ADOLESC-FUND.CASA-SP,171312 - FUNDACAO C.A.S.A. - SEDE ADMINISTRACAO,081 - TESOURO-DOT.INICIAL E CRED.SUPLEMENTAR-INTRA,76380191 - OUTROS SERVICOS DE SAUDE-PRINCIPAL INTRA,135018628.16,2020-11-21
17000 - SEC.DA JUSTICA E CIDADANIA,17048 - FUND.CTO.AT.SOCIOEDUC.ADOLESC-FUND.CASA-SP,171312 - FUNDACAO C.A.S.A. - SEDE ADMINISTRACAO,081 - TESOURO-DOT.INICIAL E CRED.SUPLEMENTAR-INTRA,77289911 - TRANSF.INTRA COVID,655927.6,2020-11-21
17000 - SEC.DA JUSTICA E CIDADANIA,17048 - FUND.CTO.AT.SOCIOEDUC.ADOLESC-FUND.CASA-SP,171381 - FUNDACAO CASA-SP - UGFTES,004 - REC.PROPRIO-ADM.IND.-DOT.INIC.CR.SUPL.,13210011 - REMUNERACAO  DEPOSITOS BANCARIOS - PRINCIPAL,0.0,2020-11-21
17000 - SEC.DA JUSTICA E CIDADANIA,17048 - FUND.CTO.AT.SOCIOEDUC.ADOLESC-FUND.CASA-SP,171384 - FUNDACAO CASA-SP - UGFRP,004 - REC.PROPRIO-ADM.IND.-DOT.INIC.CR.SUPL.,13210011 - REMUNERACAO  DEPOSITOS BANCARIOS - PRINCIPAL,0.0,2020-11-21
17000 - SEC.DA JUSTICA E CIDADANIA,17048 - FUND.CTO.AT.SOCIOEDUC.ADOLESC-FUND.CASA-SP,171384 - FUNDACAO CASA-SP - UGFRP,004 - REC.PROPRIO-ADM.IND.-DOT.INIC.CR.SUPL.,19280291 - OUTRAS RESTITUICOES-ESPECIF.E/DF/M-PRINCIPAL,0.0,2020-11-21
17000 - SEC.DA JUSTICA E CIDADANIA,17048 - FUND.CTO.AT.SOCIOEDUC.ADOLESC-FUND.CASA-SP,171384 - FUNDACAO CASA-SP - UGFRP,005 - RECURSOS VINCULADOS FEDERAIS,13210011 - REMUNERACAO  DEPOSITOS BANCARIOS - PRINCIPAL,0.0,2020-11-21
17000 - SEC.DA JUSTICA E CIDADANIA,17048 - FUND.CTO.AT.SOCIOEDUC.ADOLESC-FUND.CASA-SP,171397 - FUNDACAO CASA - SP - FUNDES - LC 141/2012,004 - REC.PROPRIO-ADM.IND.-DOT.INIC.CR.SUPL.,13210011 - REMUNERACAO  DEPOSITOS BANCARIOS - PRINCIPAL,0.0,2020-11-21
17000 - SEC.DA JUSTICA E CIDADANIA,17055 - INST. MED. SOCIAL CRIM. DE SAO PAULO,172101 - INST.DE MED. SOCIAL E DE CRIMINOL. DE S.PAUL,001 - TESOURO-DOT.INICIAL E CRED.SUPLEMENTAR,13210011 - REMUNERACAO  DEPOSITOS BANCARIOS - PRINCIPAL,171.36,2020-11-21
17000 - SEC.DA JUSTICA E CIDADANIA,17055 - INST. MED. SOCIAL CRIM. DE SAO PAULO,172101 - INST.DE MED. SOCIAL E DE CRIMINOL. DE S.PAUL,001 - TESOURO-DOT.INICIAL E CRED.SUPLEMENTAR,17289911 - OUTRAS TRANSFERENCIAS DOS ESTADOS - PRINCIPA,26.09,2020-11-21
17000 - SEC.DA JUSTICA E CIDADANIA,17055 - INST. MED. SOCIAL CRIM. DE SAO PAULO,172101 - INST.DE MED. SOCIAL E DE CRIMINOL. DE S.PAUL,001 - TESOURO-DOT.INICIAL E CRED.SUPLEMENTAR,19280291 - OUTRAS RESTITUICOES-ESPECIF.E/DF/M-PRINCIPAL,342.8,2020-11-21
17000 - SEC.DA JUSTICA E CIDADANIA,17055 - INST. MED. SOCIAL CRIM. DE SAO PAULO,172101 - INST.DE MED. SOCIAL E DE CRIMINOL. DE S.PAUL,004 - REC.PROPRIO-ADM.IND.-DOT.INIC.CR.SUPL.,13210011 - REMUNERACAO  DEPOSITOS BANCARIOS - PRINCIPAL,94995.14,2020-11-21
17000 - SEC.DA JUSTICA E CIDADANIA,17055 - INST. MED. SOCIAL CRIM. DE SAO PAULO,172101 - INST.DE MED. SOCIAL E DE CRIMINOL. DE S.PAUL,004 - REC.PROPRIO-ADM.IND.-DOT.INIC.CR.SUPL.,16909911 - OUTROS SERVICOS - PRINCIPAL,12003820.5,2020-11-21
17000 - SEC.DA JUSTICA E CIDADANIA,17055 - INST. MED. SOCIAL CRIM. DE SAO PAULO,172101 - INST.DE MED. SOCIAL E DE CRIMINOL. DE S.PAUL,006 - OUTRAS FONTES DE RECURSOS,19909911 - OUTRAS RECEITAS - PRIMARIAS - PRINCIPAL,0.0,2020-11-21
17000 - SEC.DA JUSTICA E CIDADANIA,17055 - INST. MED. SOCIAL CRIM. DE SAO PAULO,172184 - INST.MED.SOCIAL CRIMINOL.SP.- UGFRP,004 - REC.PROPRIO-ADM.IND.-DOT.INIC.CR.SUPL.,13210011 - REMUNERACAO  DEPOSITOS BANCARIOS - PRINCIPAL,194866.87,2020-11-21
17000 - SEC.DA JUSTICA E CIDADANIA,17056 - INST. DE PESOS E MEDIDAS DO EST. DE SAO PAULO,172201 - INSTITUTO DE PESOS E MEDIDAS DO EST. S. PAUL,002 - RECURSOS VINCULADOS ESTADUAIS,19909913 - OUTRAS RECEITAS - PRIMARIAS - DIVIDA ATIVA,25672.68,2020-11-21
17000 - SEC.DA JUSTICA E CIDADANIA,17056 - INST. DE PESOS E MEDIDAS DO EST. DE SAO PAULO,172201 - INSTITUTO DE PESOS E MEDIDAS DO EST. S. PAUL,002 - RECURSOS VINCULADOS ESTADUAIS,19909914 - OUTRAS REC-PRIMARIAS-DIV.ATIVA-MULTAS/JUROS,12240.26,2020-11-21
17000 - SEC.DA JUSTICA E CIDADANIA,17056 - INST. DE PESOS E MEDIDAS DO EST. DE SAO PAULO,172201 - INSTITUTO DE PESOS E MEDIDAS DO EST. S. PAUL,005 - RECURSOS VINCULADOS FEDERAIS,13210011 - REMUNERACAO  DEPOSITOS BANCARIOS - PRINCIPAL,287629.82,2020-11-21
17000 - SEC.DA JUSTICA E CIDADANIA,17056 - INST. DE PESOS E MEDIDAS DO EST. DE SAO PAULO,172201 - INSTITUTO DE PESOS E MEDIDAS DO EST. S. PAUL,005 - RECURSOS VINCULADOS FEDERAIS,17181091 - OUTRAS TRANSF.CONVENIOS UNIAO - PRINCIPAL,77915333.0,2020-11-21
17000 - SEC.DA JUSTICA E CIDADANIA,17056 - INST. DE PESOS E MEDIDAS DO EST. DE SAO PAULO,172201 - INSTITUTO DE PESOS E MEDIDAS DO EST. S. PAUL,005 - RECURSOS VINCULADOS FEDERAIS,19909911 - OUTRAS RECEITAS - PRIMARIAS - PRINCIPAL,101772.09,2020-11-21
17000 - SEC.DA JUSTICA E CIDADANIA,17056 - INST. DE PESOS E MEDIDAS DO EST. DE SAO PAULO,172202 - INST.PESOS E MEDIDAS DE SP.- AUTARQUIA,004 - REC.PROPRIO-ADM.IND.-DOT.INIC.CR.SUPL.,13210011 - REMUNERACAO  DEPOSITOS BANCARIOS - PRINCIPAL,7911.96,2020-11-21
17000 - SEC.DA JUSTICA E CIDADANIA,17056 - INST. DE PESOS E MEDIDAS DO EST. DE SAO PAULO,172202 - INST.PESOS E MEDIDAS DE SP.- AUTARQUIA,004 - REC.PROPRIO-ADM.IND.-DOT.INIC.CR.SUPL.,"16100311 - SERVICO REGISTRO,CERTIFIC,FISCAL.- PRINCIPAL",747677.15,2020-11-21
17000 - SEC.DA JUSTICA E CIDADANIA,17056 - INST. DE PESOS E MEDIDAS DO EST. DE SAO PAULO,172202 - INST.PESOS E MEDIDAS DE SP.- AUTARQUIA,004 - REC.PROPRIO-ADM.IND.-DOT.INIC.CR.SUPL.,19901211 - ENCARGOS LEGAIS INSCR. DIV.ATIVA-PRINCIPAL,17602.88,2020-11-21
17000 - SEC.DA JUSTICA E CIDADANIA,17056 - INST. DE PESOS E MEDIDAS DO EST. DE SAO PAULO,172202 - INST.PESOS E MEDIDAS DE SP.- AUTARQUIA,006 - OUTRAS FONTES DE RECURSOS,19909911 - OUTRAS RECEITAS - PRIMARIAS - PRINCIPAL,17645.64,2020-11-21
17000 - SEC.DA JUSTICA E CIDADANIA,17056 - INST. DE PESOS E MEDIDAS DO EST. DE SAO PAULO,172294 - IPEM/SP-AUTARQUIA - UGFRP,004 - REC.PROPRIO-ADM.IND.-DOT.INIC.CR.SUPL.,13210011 - REMUNERACAO  DEPOSITOS BANCARIOS - PRINCIPAL,0.0,2020-11-21
18000 - SECRETARIA DA SEGURANCA PUBLICA,00001 - GOVERNO DO ESTADO DE SAO PAULO,180001 - SECRETARIA DA SEGURANCA PUBLICA,001 - TESOURO-DOT.INICIAL E CRED.SUPLEMENTAR,11130341 - IRRF-OUTROS RENDIMENTOS-PRINCIPAL,892.86,2020-11-21
18000 - SECRETARIA DA SEGURANCA PUBLICA,00001 - GOVERNO DO ESTADO DE SAO PAULO,180001 - SECRETARIA DA SEGURANCA PUBLICA,001 - TESOURO-DOT.INICIAL E CRED.SUPLEMENTAR,13210011 - REMUNERACAO  DEPOSITOS BANCARIOS - PRINCIPAL,393615.19,2020-11-21
18000 - SECRETARIA DA SEGURANCA PUBLICA,00001 - GOVERNO DO ESTADO DE SAO PAULO,180001 - SECRETARIA DA SEGURANCA PUBLICA,002 - RECURSOS VINCULADOS ESTADUAIS,19909911 - OUTRAS RECEITAS - PRIMARIAS - PRINCIPAL,3000.06,2020-11-21
18000 - SECRETARIA DA SEGURANCA PUBLICA,00001 - GOVERNO DO ESTADO DE SAO PAULO,180010 - ADM. SUPERIOR DA SECRETARIA E DA SEDE,005 - RECURSOS VINCULADOS FEDERAIS,13210011 - REMUNERACAO  DEPOSITOS BANCARIOS - PRINCIPAL,235109.98,2020-11-21
18000 - SECRETARIA DA SEGURANCA PUBLICA,00001 - GOVERNO DO ESTADO DE SAO PAULO,180010 - ADM. SUPERIOR DA SECRETARIA E DA SEDE,005 - RECURSOS VINCULADOS FEDERAIS,17181091 - OUTRAS TRANSF.CONVENIOS UNIAO - PRINCIPAL,677455.43,2020-11-21
18000 - SECRETARIA DA SEGURANCA PUBLICA,00001 - GOVERNO DO ESTADO DE SAO PAULO,180010 - ADM. SUPERIOR DA SECRETARIA E DA SEDE,005 - RECURSOS VINCULADOS FEDERAIS,24181091 - OUTRAS TRANSF.CONVENIOS DA UNIAO-PRINCIPAL,39241505.28,2020-11-21
18000 - SECRETARIA DA SEGURANCA PUBLICA,00001 - GOVERNO DO ESTADO DE SAO PAULO,180030 - FED-POLICIA MILITAR - FEPOM,002 - RECURSOS VINCULADOS ESTADUAIS,13210011 - REMUNERACAO  DEPOSITOS BANCARIOS - PRINCIPAL,20529.73,2020-11-21
18000 - SECRETARIA DA SEGURANCA PUBLICA,00001 - GOVERNO DO ESTADO DE SAO PAULO,180030 - FED-POLICIA MILITAR - FEPOM,002 - RECURSOS VINCULADOS ESTADUAIS,16909911 - OUTROS SERVICOS - PRINCIPAL,32604219.25,2020-11-21
18000 - SECRETARIA DA SEGURANCA PUBLICA,00001 - GOVERNO DO ESTADO DE SAO PAULO,180030 - FED-POLICIA MILITAR - FEPOM,003 - RECURSOS VINCULADOS-FUNDO ESPECIAL DE DESPES,13100111 - ALUGUEIS E ARRENDAMENTOS - PRINCIPAL,3790862.44,2020-11-21
18000 - SECRETARIA DA SEGURANCA PUBLICA,00001 - GOVERNO DO ESTADO DE SAO PAULO,180030 - FED-POLICIA MILITAR - FEPOM,003 - RECURSOS VINCULADOS-FUNDO ESPECIAL DE DESPES,13210011 - REMUNERACAO  DEPOSITOS BANCARIOS - PRINCIPAL,1715784.78,2020-11-21
18000 - SECRETARIA DA SEGURANCA PUBLICA,00001 - GOVERNO DO ESTADO DE SAO PAULO,180030 - FED-POLICIA MILITAR - FEPOM,003 - RECURSOS VINCULADOS-FUNDO ESPECIAL DE DESPES,15000011 - RECEITA INDUSTRIAL - PRINCIPAL,1919982.04,2020-11-21
18000 - SECRETARIA DA SEGURANCA PUBLICA,00001 - GOVERNO DO ESTADO DE SAO PAULO,180030 - FED-POLICIA MILITAR - FEPOM,003 - RECURSOS VINCULADOS-FUNDO ESPECIAL DE DESPES,16380111 - SERVICOS HOSPITALARES - PRINCIPAL,7847.47,2020-11-21
18000 - SECRETARIA DA SEGURANCA PUBLICA,00001 - GOVERNO DO ESTADO DE SAO PAULO,180030 - FED-POLICIA MILITAR - FEPOM,003 - RECURSOS VINCULADOS-FUNDO ESPECIAL DE DESPES,16909911 - OUTROS SERVICOS - PRINCIPAL,31866397.64,2020-11-21
18000 - SECRETARIA DA SEGURANCA PUBLICA,00001 - GOVERNO DO ESTADO DE SAO PAULO,180030 - FED-POLICIA MILITAR - FEPOM,003 - RECURSOS VINCULADOS-FUNDO ESPECIAL DE DESPES,19280291 - OUTRAS RESTITUICOES-ESPECIF.E/DF/M-PRINCIPAL,144418.2,2020-11-21
18000 - SECRETARIA DA SEGURANCA PUBLICA,00001 - GOVERNO DO ESTADO DE SAO PAULO,180030 - FED-POLICIA MILITAR - FEPOM,003 - RECURSOS VINCULADOS-FUNDO ESPECIAL DE DESPES,19909911 - OUTRAS RECEITAS - PRIMARIAS - PRINCIPAL,6432584.51,2020-11-21
18000 - SECRETARIA DA SEGURANCA PUBLICA,00001 - GOVERNO DO ESTADO DE SAO PAULO,180030 - FED-POLICIA MILITAR - FEPOM,005 - RECURSOS VINCULADOS FEDERAIS,13210011 - REMUNERACAO  DEPOSITOS BANCARIOS - PRINCIPAL,64743.1,2020-11-21
18000 - SECRETARIA DA SEGURANCA PUBLICA,00001 - GOVERNO DO ESTADO DE SAO PAULO,180030 - FED-POLICIA MILITAR - FEPOM,005 - RECURSOS VINCULADOS FEDERAIS,17180351 - TRANSFERENCIA REC.SUS-GESTAO SUS - PRINCIPAL,4916348.33,2020-11-21
18000 - SECRETARIA DA SEGURANCA PUBLICA,00001 - GOVERNO DO ESTADO DE SAO PAULO,180030 - FED-POLICIA MILITAR - FEPOM,083 - RECURSOS VINCULADOS-FUNDO ESP. DESPESA-INTRA,13210011 - REMUNERACAO  DEPOSITOS BANCARIOS - PRINCIPAL,2272.66,2020-11-21
18000 - SECRETARIA DA SEGURANCA PUBLICA,00001 - GOVERNO DO ESTADO DE SAO PAULO,180030 - FED-POLICIA MILITAR - FEPOM,083 - RECURSOS VINCULADOS-FUNDO ESP. DESPESA-INTRA,76909911 - OUTROS SERVICOS -PRINCIPAL INTRAORCAMENTARIA,4172699.11,2020-11-21
18000 - SECRETARIA DA SEGURANCA PUBLICA,00001 - GOVERNO DO ESTADO DE SAO PAULO,180030 - FED-POLICIA MILITAR - FEPOM,084 - REC.PROPRIO-ADM.IND.-DOT.INIC.CR.SUPL.-INTRA,13210011 - REMUNERACAO  DEPOSITOS BANCARIOS - PRINCIPAL,23860.71,2020-11-21
18000 - SECRETARIA DA SEGURANCA PUBLICA,00001 - GOVERNO DO ESTADO DE SAO PAULO,180030 - FED-POLICIA MILITAR - FEPOM,084 - REC.PROPRIO-ADM.IND.-DOT.INIC.CR.SUPL.-INTRA,76909911 - OUTROS SERVICOS -PRINCIPAL INTRAORCAMENTARIA,16948791.08,2020-11-21
18000 - SECRETARIA DA SEGURANCA PUBLICA,00001 - GOVERNO DO ESTADO DE SAO PAULO,180031 - FED-INCENTIVO A SEG.PUBLICA,002 - RECURSOS VINCULADOS ESTADUAIS,13210011 - REMUNERACAO  DEPOSITOS BANCARIOS - PRINCIPAL,4916.3,2020-11-21
18000 - SECRETARIA DA SEGURANCA PUBLICA,00001 - GOVERNO DO ESTADO DE SAO PAULO,180031 - FED-INCENTIVO A SEG.PUBLICA,003 - RECURSOS VINCULADOS-FUNDO ESPECIAL DE DESPES,13100111 - ALUGUEIS E ARRENDAMENTOS - PRINCIPAL,11166.12,2020-11-21
18000 - SECRETARIA DA SEGURANCA PUBLICA,00001 - GOVERNO DO ESTADO DE SAO PAULO,180031 - FED-INCENTIVO A SEG.PUBLICA,003 - RECURSOS VINCULADOS-FUNDO ESPECIAL DE DESPES,13210011 - REMUNERACAO  DEPOSITOS BANCARIOS - PRINCIPAL,1438214.74,2020-11-21
18000 - SECRETARIA DA SEGURANCA PUBLICA,00001 - GOVERNO DO ESTADO DE SAO PAULO,180031 - FED-INCENTIVO A SEG.PUBLICA,003 - RECURSOS VINCULADOS-FUNDO ESPECIAL DE DESPES,16100111 - SERVICO ADMINISTRATIVO/COML.GERAL -PRINCIPAL,179949.03,2020-11-21
18000 - SECRETARIA DA SEGURANCA PUBLICA,00001 - GOVERNO DO ESTADO DE SAO PAULO,180031 - FED-INCENTIVO A SEG.PUBLICA,003 - RECURSOS VINCULADOS-FUNDO ESPECIAL DE DESPES,19100111 - MULTAS PREVISTAS LEG. ESPECIFICA-PRINCIPAL,235192.9,2020-11-21
18000 - SECRETARIA DA SEGURANCA PUBLICA,00001 - GOVERNO DO ESTADO DE SAO PAULO,180031 - FED-INCENTIVO A SEG.PUBLICA,003 - RECURSOS VINCULADOS-FUNDO ESPECIAL DE DESPES,19909911 - OUTRAS RECEITAS - PRIMARIAS - PRINCIPAL,20793.89,2020-11-21
18000 - SECRETARIA DA SEGURANCA PUBLICA,00001 - GOVERNO DO ESTADO DE SAO PAULO,180031 - FED-INCENTIVO A SEG.PUBLICA,006 - OUTRAS FONTES DE RECURSOS,19909911 - OUTRAS RECEITAS - PRIMARIAS - PRINCIPAL,2716.77,2020-11-21
18000 - SECRETARIA DA SEGURANCA PUBLICA,00001 - GOVERNO DO ESTADO DE SAO PAULO,180031 - FED-INCENTIVO A SEG.PUBLICA,042 - REC.VINC.ESTADUAIS-CRED.SUPERAVIT FINANCEIRO,13210011 - REMUNERACAO  DEPOSITOS BANCARIOS - PRINCIPAL,504.95,2020-11-21
18000 - SECRETARIA DA SEGURANCA PUBLICA,00001 - GOVERNO DO ESTADO DE SAO PAULO,180032 - FED-SEG.CONTRA INCENDIOS E EMERGENCIAS-FESIE,003 - RECURSOS VINCULADOS-FUNDO ESPECIAL DE DESPES,11220111 - TAXA PELA  PRESTACAO DE SERVICOS-PRINCIPAL,35098414.0,2020-11-21
18000 - SECRETARIA DA SEGURANCA PUBLICA,00001 - GOVERNO DO ESTADO DE SAO PAULO,180032 - FED-SEG.CONTRA INCENDIOS E EMERGENCIAS-FESIE,003 - RECURSOS VINCULADOS-FUNDO ESPECIAL DE DESPES,13210011 - REMUNERACAO  DEPOSITOS BANCARIOS - PRINCIPAL,610207.2,2020-11-21
18000 - SECRETARIA DA SEGURANCA PUBLICA,00001 - GOVERNO DO ESTADO DE SAO PAULO,180032 - FED-SEG.CONTRA INCENDIOS E EMERGENCIAS-FESIE,003 - RECURSOS VINCULADOS-FUNDO ESPECIAL DE DESPES,19909911 - OUTRAS RECEITAS - PRIMARIAS - PRINCIPAL,200580.28,2020-11-21
18000 - SECRETARIA DA SEGURANCA PUBLICA,00001 - GOVERNO DO ESTADO DE SAO PAULO,180050 - FUNDO ESTADUAL DE SEGURANCA PUBLICA - FUNDES,005 - RECURSOS VINCULADOS FEDERAIS,13210011 - REMUNERACAO  DEPOSITOS BANCARIOS - PRINCIPAL,100789.26,2020-11-21
18000 - SECRETARIA DA SEGURANCA PUBLICA,00001 - GOVERNO DO ESTADO DE SAO PAULO,180050 - FUNDO ESTADUAL DE SEGURANCA PUBLICA - FUNDES,005 - RECURSOS VINCULADOS FEDERAIS,17181091 - OUTRAS TRANSF.CONVENIOS UNIAO - PRINCIPAL,14303367.0,2020-11-21
18000 - SECRETARIA DA SEGURANCA PUBLICA,00001 - GOVERNO DO ESTADO DE SAO PAULO,180050 - FUNDO ESTADUAL DE SEGURANCA PUBLICA - FUNDES,005 - RECURSOS VINCULADOS FEDERAIS,24181091 - OUTRAS TRANSF.CONVENIOS DA UNIAO-PRINCIPAL,33374524.0,2020-11-21
18000 - SECRETARIA DA SEGURANCA PUBLICA,00001 - GOVERNO DO ESTADO DE SAO PAULO,180101 - GABINETE DO SECRETARIO E ASSESSORIAS,001 - TESOURO-DOT.INICIAL E CRED.SUPLEMENTAR,11130341 - IRRF-OUTROS RENDIMENTOS-PRINCIPAL,223.39,2020-11-21
18000 - SECRETARIA DA SEGURANCA PUBLICA,00001 - GOVERNO DO ESTADO DE SAO PAULO,180101 - GABINETE DO SECRETARIO E ASSESSORIAS,001 - TESOURO-DOT.INICIAL E CRED.SUPLEMENTAR,19909911 - OUTRAS RECEITAS - PRIMARIAS - PRINCIPAL,552465.09,2020-11-21
18000 - SECRETARIA DA SEGURANCA PUBLICA,00001 - GOVERNO DO ESTADO DE SAO PAULO,"180106 - DEP.POL.JUD.SP.INT.""DR.LUIZ M.S.BLAZCK""SOROC",001 - TESOURO-DOT.INICIAL E CRED.SUPLEMENTAR,11130341 - IRRF-OUTROS RENDIMENTOS-PRINCIPAL,31.68,2020-11-21
18000 - SECRETARIA DA SEGURANCA PUBLICA,00001 - GOVERNO DO ESTADO DE SAO PAULO,"180106 - DEP.POL.JUD.SP.INT.""DR.LUIZ M.S.BLAZCK""SOROC",001 - TESOURO-DOT.INICIAL E CRED.SUPLEMENTAR,19100111 - MULTAS PREVISTAS LEG. ESPECIFICA-PRINCIPAL,4.62,2020-11-21
18000 - SECRETARIA DA SEGURANCA PUBLICA,00001 - GOVERNO DO ESTADO DE SAO PAULO,180110 - DEPTO.POL.JUD.SP.INTERIOR-DEINTER-5 SJRPRETO,001 - TESOURO-DOT.INICIAL E CRED.SUPLEMENTAR,11130341 - IRRF-OUTROS RENDIMENTOS-PRINCIPAL,120.78,2020-11-21
18000 - SECRETARIA DA SEGURANCA PUBLICA,00001 - GOVERNO DO ESTADO DE SAO PAULO,180113 - DEPTO.EST.INVESTIGACOES CRIMINAIS - DEIC,001 - TESOURO-DOT.INICIAL E CRED.SUPLEMENTAR,19100111 - MULTAS PREVISTAS LEG. ESPECIFICA-PRINCIPAL,164.83,2020-11-21
18000 - SECRETARIA DA SEGURANCA PUBLICA,00001 - GOVERNO DO ESTADO DE SAO PAULO,180117 - INSTITUTO DE CRIMINALISTICA,001 - TESOURO-DOT.INICIAL E CRED.SUPLEMENTAR,19909911 - OUTRAS RECEITAS - PRIMARIAS - PRINCIPAL,800.0,2020-11-21
18000 - SECRETARIA DA SEGURANCA PUBLICA,00001 - GOVERNO DO ESTADO DE SAO PAULO,180118 - INSTITUTO MEDICO LEGAL,001 - TESOURO-DOT.INICIAL E CRED.SUPLEMENTAR,19909911 - OUTRAS RECEITAS - PRIMARIAS - PRINCIPAL,200.61,2020-11-21
18000 - SECRETARIA DA SEGURANCA PUBLICA,00001 - GOVERNO DO ESTADO DE SAO PAULO,180121 - DELEG.SECC.POLICIA DE MARILIA,001 - TESOURO-DOT.INICIAL E CRED.SUPLEMENTAR,11130341 - IRRF-OUTROS RENDIMENTOS-PRINCIPAL,1304.63,2020-11-21
18000 - SECRETARIA DA SEGURANCA PUBLICA,00001 - GOVERNO DO ESTADO DE SAO PAULO,180121 - DELEG.SECC.POLICIA DE MARILIA,001 - TESOURO-DOT.INICIAL E CRED.SUPLEMENTAR,19280111 - INDENIZAC,1715.0,2020-11-21
18000 - SECRETARIA DA SEGURANCA PUBLICA,00001 - GOVERNO DO ESTADO DE SAO PAULO,180122 - DEPTO.OPERACOES POLICIAIS ESTRATEGICAS - DOP,001 - TESOURO-DOT.INICIAL E CRED.SUPLEMENTAR,19100111 - MULTAS PREVISTAS LEG. ESPECIFICA-PRINCIPAL,11223.84,2020-11-21
18000 - SECRETARIA DA SEGURANCA PUBLICA,00001 - GOVERNO DO ESTADO DE SAO PAULO,180124 - CORREGEDORIA GERAL DA POLICIA CIVIL,001 - TESOURO-DOT.INICIAL E CRED.SUPLEMENTAR,11130341 - IRRF-OUTROS RENDIMENTOS-PRINCIPAL,3140.19,2020-11-21
18000 - SECRETARIA DA SEGURANCA PUBLICA,00001 - GOVERNO DO ESTADO DE SAO PAULO,180128 - DEPTO.ESTADUAL HOMIC. E DE PROTECAO A PESSOA,001 - TESOURO-DOT.INICIAL E CRED.SUPLEMENTAR,11130341 - IRRF-OUTROS RENDIMENTOS-PRINCIPAL,1160.08,2020-11-21
18000 - SECRETARIA DA SEGURANCA PUBLICA,00001 - GOVERNO DO ESTADO DE SAO PAULO,180128 - DEPTO.ESTADUAL HOMIC. E DE PROTECAO A PESSOA,001 - TESOURO-DOT.INICIAL E CRED.SUPLEMENTAR,19100111 - MULTAS PREVISTAS LEG. ESPECIFICA-PRINCIPAL,186.52,2020-11-21
18000 - SECRETARIA DA SEGURANCA PUBLICA,00001 - GOVERNO DO ESTADO DE SAO PAULO,180129 - DEPTO.EST.PREV.E REPRE. NARCOTRAFICO-DENARC,001 - TESOURO-DOT.INICIAL E CRED.SUPLEMENTAR,11130341 - IRRF-OUTROS RENDIMENTOS-PRINCIPAL,3375.6,2020-11-21
18000 - SECRETARIA DA SEGURANCA PUBLICA,00001 - GOVERNO DO ESTADO DE SAO PAULO,180135 - DEPTO.POLICIA JUDIC.CAPITAL-DECAP,001 - TESOURO-DOT.INICIAL E CRED.SUPLEMENTAR,11130341 - IRRF-OUTROS RENDIMENTOS-PRINCIPAL,74624.74,2020-11-21
18000 - SECRETARIA DA SEGURANCA PUBLICA,00001 - GOVERNO DO ESTADO DE SAO PAULO,180135 - DEPTO.POLICIA JUDIC.CAPITAL-DECAP,001 - TESOURO-DOT.INICIAL E CRED.SUPLEMENTAR,19100111 - MULTAS PREVISTAS LEG. ESPECIFICA-PRINCIPAL,1052.35,2020-11-21
18000 - SECRETARIA DA SEGURANCA PUBLICA,00001 - GOVERNO DO ESTADO DE SAO PAULO,180135 - DEPTO.POLICIA JUDIC.CAPITAL-DECAP,041 - TESOURO - CREDITO POR SUPERAVIT FINANCEIRO,19100111 - MULTAS PREVISTAS LEG. ESPECIFICA-PRINCIPAL,0.0,2020-11-21
18000 - SECRETARIA DA SEGURANCA PUBLICA,00001 - GOVERNO DO ESTADO DE SAO PAULO,180137 - DELEG.SECC.POLICIA DE REGISTRO,001 - TESOURO-DOT.INICIAL E CRED.SUPLEMENTAR,11130341 - IRRF-OUTROS RENDIMENTOS-PRINCIPAL,95195.68,2020-11-21
18000 - SECRETARIA DA SEGURANCA PUBLICA,00001 - GOVERNO DO ESTADO DE SAO PAULO,180146 - DELEG.SECC.POLICIA DE BOTUCATU,001 - TESOURO-DOT.INICIAL E CRED.SUPLEMENTAR,11130341 - IRRF-OUTROS RENDIMENTOS-PRINCIPAL,157.88,2020-11-21
18000 - SECRETARIA DA SEGURANCA PUBLICA,00001 - GOVERNO DO ESTADO DE SAO PAULO,180147 - DELEG.SECC.POLICIA FERNANDOPOLIS,001 - TESOURO-DOT.INICIAL E CRED.SUPLEMENTAR,11130341 - IRRF-OUTROS RENDIMENTOS-PRINCIPAL,0.0,2020-11-21
18000 - SECRETARIA DA SEGURANCA PUBLICA,00001 - GOVERNO DO ESTADO DE SAO PAULO,180152 - DEPTO DE SUPORTE ADM. DO COMANDO GERAL-DSA/C,001 - TESOURO-DOT.INICIAL E CRED.SUPLEMENTAR,19280291 - OUTRAS RESTITUICOES-ESPECIF.E/DF/M-PRINCIPAL,3270.37,2020-11-21
18000 - SECRETARIA DA SEGURANCA PUBLICA,00001 - GOVERNO DO ESTADO DE SAO PAULO,180153 - DIRETORIA DE ENSINO E CULTURA - DEC,001 - TESOURO-DOT.INICIAL E CRED.SUPLEMENTAR,19909911 - OUTRAS RECEITAS - PRIMARIAS - PRINCIPAL,17.99,2020-11-21
18000 - SECRETARIA DA SEGURANCA PUBLICA,00001 - GOVERNO DO ESTADO DE SAO PAULO,180154 - COMANDO POLIC.INT.-6 SANTOS,001 - TESOURO-DOT.INICIAL E CRED.SUPLEMENTAR,19909911 - OUTRAS RECEITAS - PRIMARIAS - PRINCIPAL,2553.43,2020-11-21
18000 - SECRETARIA DA SEGURANCA PUBLICA,00001 - GOVERNO DO ESTADO DE SAO PAULO,180155 - COMANDO POLIC.INT.-1 SJCAMPOS,001 - TESOURO-DOT.INICIAL E CRED.SUPLEMENTAR,19909911 - OUTRAS RECEITAS - PRIMARIAS - PRINCIPAL,8458.52,2020-11-21
18000 - SECRETARIA DA SEGURANCA PUBLICA,00001 - GOVERNO DO ESTADO DE SAO PAULO,180156 - COMANDO POLIC.INT.-7 SOROCABA,001 - TESOURO-DOT.INICIAL E CRED.SUPLEMENTAR,11130341 - IRRF-OUTROS RENDIMENTOS-PRINCIPAL,254.06,2020-11-21
18000 - SECRETARIA DA SEGURANCA PUBLICA,00001 - GOVERNO DO ESTADO DE SAO PAULO,180156 - COMANDO POLIC.INT.-7 SOROCABA,001 - TESOURO-DOT.INICIAL E CRED.SUPLEMENTAR,19909911 - OUTRAS RECEITAS - PRIMARIAS - PRINCIPAL,668.6,2020-11-21
18000 - SECRETARIA DA SEGURANCA PUBLICA,00001 - GOVERNO DO ESTADO DE SAO PAULO,180157 - COMANDO POLIC.INT. 2 CPI-2-CAMPINAS,001 - TESOURO-DOT.INICIAL E CRED.SUPLEMENTAR,19909911 - OUTRAS RECEITAS - PRIMARIAS - PRINCIPAL,38.75,2020-11-21
18000 - SECRETARIA DA SEGURANCA PUBLICA,00001 - GOVERNO DO ESTADO DE SAO PAULO,180158 - COM.POL.INT.3(CPI-3-CEL.PAULO M.SERRAT FILHO,001 - TESOURO-DOT.INICIAL E CRED.SUPLEMENTAR,11130311 - IRRF-IMP. RENDA RET. FTE-TRABALHO-PRINCIPAL,135.92,2020-11-21
18000 - SECRETARIA DA SEGURANCA PUBLICA,00001 - GOVERNO DO ESTADO DE SAO PAULO,180158 - COM.POL.INT.3(CPI-3-CEL.PAULO M.SERRAT FILHO,001 - TESOURO-DOT.INICIAL E CRED.SUPLEMENTAR,19280111 - INDENIZAC,7074.63,2020-11-21
18000 - SECRETARIA DA SEGURANCA PUBLICA,00001 - GOVERNO DO ESTADO DE SAO PAULO,180159 - COMANDO POLIC.INT.-4 BAURU,001 - TESOURO-DOT.INICIAL E CRED.SUPLEMENTAR,19229911 - OUTRAS RESTITUIC,2.4,2020-11-21
18000 - SECRETARIA DA SEGURANCA PUBLICA,00001 - GOVERNO DO ESTADO DE SAO PAULO,180159 - COMANDO POLIC.INT.-4 BAURU,001 - TESOURO-DOT.INICIAL E CRED.SUPLEMENTAR,19280111 - INDENIZAC,0.65,2020-11-21
18000 - SECRETARIA DA SEGURANCA PUBLICA,00001 - GOVERNO DO ESTADO DE SAO PAULO,180159 - COMANDO POLIC.INT.-4 BAURU,001 - TESOURO-DOT.INICIAL E CRED.SUPLEMENTAR,19280291 - OUTRAS RESTITUICOES-ESPECIF.E/DF/M-PRINCIPAL,4.84,2020-11-21
18000 - SECRETARIA DA SEGURANCA PUBLICA,00001 - GOVERNO DO ESTADO DE SAO PAULO,180164 - CENTRO INTEGRADO DE APOIO PATRIMONIAL-CIAP,001 - TESOURO-DOT.INICIAL E CRED.SUPLEMENTAR,19909911 - OUTRAS RECEITAS - PRIMARIAS - PRINCIPAL,6628.02,2020-11-21
18000 - SECRETARIA DA SEGURANCA PUBLICA,00001 - GOVERNO DO ESTADO DE SAO PAULO,180168 - COMANDO DE POLICIAMENTO DE CHOQUE,001 - TESOURO-DOT.INICIAL E CRED.SUPLEMENTAR,11130341 - IRRF-OUTROS RENDIMENTOS-PRINCIPAL,0.0,2020-11-21
18000 - SECRETARIA DA SEGURANCA PUBLICA,00001 - GOVERNO DO ESTADO DE SAO PAULO,180168 - COMANDO DE POLICIAMENTO DE CHOQUE,001 - TESOURO-DOT.INICIAL E CRED.SUPLEMENTAR,19909911 - OUTRAS RECEITAS - PRIMARIAS - PRINCIPAL,4001.4,2020-11-21
18000 - SECRETARIA DA SEGURANCA PUBLICA,00001 - GOVERNO DO ESTADO DE SAO PAULO,180176 - ESCOLA SUPERIOR DE SOLDADOS-CEL.ASSUMPCAO,001 - TESOURO-DOT.INICIAL E CRED.SUPLEMENTAR,19909911 - OUTRAS RECEITAS - PRIMARIAS - PRINCIPAL,185385.76,2020-11-21
18000 - SECRETARIA DA SEGURANCA PUBLICA,00001 - GOVERNO DO ESTADO DE SAO PAULO,180177 - COM.POLIC.AREA METROPOLITANA-6,001 - TESOURO-DOT.INICIAL E CRED.SUPLEMENTAR,19909911 - OUTRAS RECEITAS - PRIMARIAS - PRINCIPAL,133.71,2020-11-21
18000 - SECRETARIA DA SEGURANCA PUBLICA,00001 - GOVERNO DO ESTADO DE SAO PAULO,180179 - COM.POLIC.AREA METROPOLITANA-8,001 - TESOURO-DOT.INICIAL E CRED.SUPLEMENTAR,11130311 - IRRF-IMP. RENDA RET. FTE-TRABALHO-PRINCIPAL,2606.62,2020-11-21
18000 - SECRETARIA DA SEGURANCA PUBLICA,00001 - GOVERNO DO ESTADO DE SAO PAULO,180180 - DIRETORIA DE LOGISTICA - DL,001 - TESOURO-DOT.INICIAL E CRED.SUPLEMENTAR,11130341 - IRRF-OUTROS RENDIMENTOS-PRINCIPAL,1227.27,2020-11-21
18000 - SECRETARIA DA SEGURANCA PUBLICA,00001 - GOVERNO DO ESTADO DE SAO PAULO,180180 - DIRETORIA DE LOGISTICA - DL,001 - TESOURO-DOT.INICIAL E CRED.SUPLEMENTAR,19909911 - OUTRAS RECEITAS - PRIMARIAS - PRINCIPAL,17.99,2020-11-21
18000 - SECRETARIA DA SEGURANCA PUBLICA,00001 - GOVERNO DO ESTADO DE SAO PAULO,180183 - DIRETORIA DE TEC. INFORMACAO E COMUNICACAO,001 - TESOURO-DOT.INICIAL E CRED.SUPLEMENTAR,11130341 - IRRF-OUTROS RENDIMENTOS-PRINCIPAL,90411.39,2020-11-21
18000 - SECRETARIA DA SEGURANCA PUBLICA,00001 - GOVERNO DO ESTADO DE SAO PAULO,180187 - CPA. METROPOLITANA-3-CPA/M-3-CEL.HILDA MACED,001 - TESOURO-DOT.INICIAL E CRED.SUPLEMENTAR,19909911 - OUTRAS RECEITAS - PRIMARIAS - PRINCIPAL,72.8,2020-11-21
18000 - SECRETARIA DA SEGURANCA PUBLICA,00001 - GOVERNO DO ESTADO DE SAO PAULO,180198 - COMANDO DE POLICIAMENTO AMBIENTAL(CPAMB),001 - TESOURO-DOT.INICIAL E CRED.SUPLEMENTAR,19280111 - INDENIZAC,30.0,2020-11-21
18000 - SECRETARIA DA SEGURANCA PUBLICA,00001 - GOVERNO DO ESTADO DE SAO PAULO,180198 - COMANDO DE POLICIAMENTO AMBIENTAL(CPAMB),001 - TESOURO-DOT.INICIAL E CRED.SUPLEMENTAR,19909911 - OUTRAS RECEITAS - PRIMARIAS - PRINCIPAL,146.76,2020-11-21
18000 - SECRETARIA DA SEGURANCA PUBLICA,00001 - GOVERNO DO ESTADO DE SAO PAULO,180212 - 14. GRUPAMENTO DE BOMBEIROS (14.GB),001 - TESOURO-DOT.INICIAL E CRED.SUPLEMENTAR,19280291 - OUTRAS RESTITUICOES-ESPECIF.E/DF/M-PRINCIPAL,492.06,2020-11-21
18000 - SECRETARIA DA SEGURANCA PUBLICA,00001 - GOVERNO DO ESTADO DE SAO PAULO,180212 - 14. GRUPAMENTO DE BOMBEIROS (14.GB),001 - TESOURO-DOT.INICIAL E CRED.SUPLEMENTAR,19909911 - OUTRAS RECEITAS - PRIMARIAS - PRINCIPAL,0.01,2020-11-21
18000 - SECRETARIA DA SEGURANCA PUBLICA,00001 - GOVERNO DO ESTADO DE SAO PAULO,180214 - 16. GRUPAMENTO DE BOMBEIROS (16.GB),001 - TESOURO-DOT.INICIAL E CRED.SUPLEMENTAR,19909911 - OUTRAS RECEITAS - PRIMARIAS - PRINCIPAL,20482.55,2020-11-21
18000 - SECRETARIA DA SEGURANCA PUBLICA,00001 - GOVERNO DO ESTADO DE SAO PAULO,180216 - ADMINISTRACAO DA SUPERINTENDENCIA,001 - TESOURO-DOT.INICIAL E CRED.SUPLEMENTAR,11130341 - IRRF-OUTROS RENDIMENTOS-PRINCIPAL,141078.42,2020-11-21
18000 - SECRETARIA DA SEGURANCA PUBLICA,00001 - GOVERNO DO ESTADO DE SAO PAULO,180271 - DELEG.SECC.POLICIA DE CARAPICUIBA,001 - TESOURO-DOT.INICIAL E CRED.SUPLEMENTAR,11130341 - IRRF-OUTROS RENDIMENTOS-PRINCIPAL,12053.93,2020-11-21
18000 - SECRETARIA DA SEGURANCA PUBLICA,00001 - GOVERNO DO ESTADO DE SAO PAULO,180272 - DELEG.SECC.POLICIA DE DIADEMA,001 - TESOURO-DOT.INICIAL E CRED.SUPLEMENTAR,11130341 - IRRF-OUTROS RENDIMENTOS-PRINCIPAL,33546.89,2020-11-21
18000 - SECRETARIA DA SEGURANCA PUBLICA,00001 - GOVERNO DO ESTADO DE SAO PAULO,180273 - DELEG.SECC.POLICIA DE FRANCO DA ROCHA,001 - TESOURO-DOT.INICIAL E CRED.SUPLEMENTAR,11130341 - IRRF-OUTROS RENDIMENTOS-PRINCIPAL,190162.86,2020-11-21
18000 - SECRETARIA DA SEGURANCA PUBLICA,00001 - GOVERNO DO ESTADO DE SAO PAULO,180275 - DELEG.SECC.POLICIA DE MOGI DAS CRUZES,001 - TESOURO-DOT.INICIAL E CRED.SUPLEMENTAR,19909911 - OUTRAS RECEITAS - PRIMARIAS - PRINCIPAL,372.49,2020-11-21
18000 - SECRETARIA DA SEGURANCA PUBLICA,00001 - GOVERNO DO ESTADO DE SAO PAULO,180276 - DELEG.SECC.POLICIA DE OSASCO,001 - TESOURO-DOT.INICIAL E CRED.SUPLEMENTAR,11130311 - IRRF-IMP. RENDA RET. FTE-TRABALHO-PRINCIPAL,3337.83,2020-11-21
18000 - SECRETARIA DA SEGURANCA PUBLICA,00001 - GOVERNO DO ESTADO DE SAO PAULO,180286 - 1. DELEG.SECC.POLICIA DE CAMPINAS,001 - TESOURO-DOT.INICIAL E CRED.SUPLEMENTAR,11130341 - IRRF-OUTROS RENDIMENTOS-PRINCIPAL,50625.33,2020-11-21
18000 - SECRETARIA DA SEGURANCA PUBLICA,00001 - GOVERNO DO ESTADO DE SAO PAULO,180287 - DELEG.SECC.POLICIA DE AMERICANA,001 - TESOURO-DOT.INICIAL E CRED.SUPLEMENTAR,19280111 - INDENIZAC,1059.0,2020-11-21
18000 - SECRETARIA DA SEGURANCA PUBLICA,00001 - GOVERNO DO ESTADO DE SAO PAULO,180289 - DELEG.SECC.POLICIA DE CASA BRANCA,001 - TESOURO-DOT.INICIAL E CRED.SUPLEMENTAR,11130311 - IRRF-IMP. RENDA RET. FTE-TRABALHO-PRINCIPAL,2407.76,2020-11-21
18000 - SECRETARIA DA SEGURANCA PUBLICA,00001 - GOVERNO DO ESTADO DE SAO PAULO,180290 - DELEG.SECC.POLICIA DE LIMEIRA,001 - TESOURO-DOT.INICIAL E CRED.SUPLEMENTAR,11130341 - IRRF-OUTROS RENDIMENTOS-PRINCIPAL,7582.14,2020-11-21
18000 - SECRETARIA DA SEGURANCA PUBLICA,00001 - GOVERNO DO ESTADO DE SAO PAULO,180294 - DELEG.SECC.POLICIA DE RIB.PRETO,001 - TESOURO-DOT.INICIAL E CRED.SUPLEMENTAR,11130341 - IRRF-OUTROS RENDIMENTOS-PRINCIPAL,16807.04,2020-11-21
18000 - SECRETARIA DA SEGURANCA PUBLICA,00001 - GOVERNO DO ESTADO DE SAO PAULO,180299 - DELEG.SECCIONAL DE POLICIA DE BAURU,001 - TESOURO-DOT.INICIAL E CRED.SUPLEMENTAR,11130341 - IRRF-OUTROS RENDIMENTOS-PRINCIPAL,1979.14,2020-11-21
18000 - SECRETARIA DA SEGURANCA PUBLICA,00001 - GOVERNO DO ESTADO DE SAO PAULO,180300 - DELEG.SECC.POLICIA DE ADAMANTINA,001 - TESOURO-DOT.INICIAL E CRED.SUPLEMENTAR,19909911 - OUTRAS RECEITAS - PRIMARIAS - PRINCIPAL,27887.5,2020-11-21
18000 - SECRETARIA DA SEGURANCA PUBLICA,00001 - GOVERNO DO ESTADO DE SAO PAULO,180301 - DELEG.SECC.POLICIA DE ASSIS,001 - TESOURO-DOT.INICIAL E CRED.SUPLEMENTAR,11130341 - IRRF-OUTROS RENDIMENTOS-PRINCIPAL,92174.12,2020-11-21
18000 - SECRETARIA DA SEGURANCA PUBLICA,00001 - GOVERNO DO ESTADO DE SAO PAULO,180303 - DELEG.SECC.POLICIA DE JAU,001 - TESOURO-DOT.INICIAL E CRED.SUPLEMENTAR,11130341 - IRRF-OUTROS RENDIMENTOS-PRINCIPAL,2545.3,2020-11-21
18000 - SECRETARIA DA SEGURANCA PUBLICA,00001 - GOVERNO DO ESTADO DE SAO PAULO,180308 - DELEG.SECC.POLICIA DE SJRIO PRETO,001 - TESOURO-DOT.INICIAL E CRED.SUPLEMENTAR,11130341 - IRRF-OUTROS RENDIMENTOS-PRINCIPAL,570.22,2020-11-21
18000 - SECRETARIA DA SEGURANCA PUBLICA,00001 - GOVERNO DO ESTADO DE SAO PAULO,180312 - DELEG.SECC.POLICIA DE NOVO HORIZONTE,001 - TESOURO-DOT.INICIAL E CRED.SUPLEMENTAR,11130311 - IRRF-IMP. RENDA RET. FTE-TRABALHO-PRINCIPAL,16952.3,2020-11-21
18000 - SECRETARIA DA SEGURANCA PUBLICA,00001 - GOVERNO DO ESTADO DE SAO PAULO,"180313 - DEL.SEC.POL.VOTUPORANGA ""DR.RUBENS G.BERTOLO",001 - TESOURO-DOT.INICIAL E CRED.SUPLEMENTAR,11130341 - IRRF-OUTROS RENDIMENTOS-PRINCIPAL,148.33,2020-11-21
18000 - SECRETARIA DA SEGURANCA PUBLICA,00001 - GOVERNO DO ESTADO DE SAO PAULO,180314 - DEL.SECC.POL.-ABRAHAO J.KFOURI FILHO-SANTOS,001 - TESOURO-DOT.INICIAL E CRED.SUPLEMENTAR,11130341 - IRRF-OUTROS RENDIMENTOS-PRINCIPAL,3121.97,2020-11-21
18000 - SECRETARIA DA SEGURANCA PUBLICA,00001 - GOVERNO DO ESTADO DE SAO PAULO,180315 - DELEG.SECC.POLICIA DE ITANHAEM,001 - TESOURO-DOT.INICIAL E CRED.SUPLEMENTAR,11130311 - IRRF-IMP. RENDA RET. FTE-TRABALHO-PRINCIPAL,776.7,2020-11-21
18000 - SECRETARIA DA SEGURANCA PUBLICA,00001 - GOVERNO DO ESTADO DE SAO PAULO,180316 - DELEG.SECC.POLICIA DE JACUPIRANGA,001 - TESOURO-DOT.INICIAL E CRED.SUPLEMENTAR,11130341 - IRRF-OUTROS RENDIMENTOS-PRINCIPAL,6551.68,2020-11-21
18000 - SECRETARIA DA SEGURANCA PUBLICA,00001 - GOVERNO DO ESTADO DE SAO PAULO,180317 - DELEG.SECC.POLICIA DE SOROCABA,001 - TESOURO-DOT.INICIAL E CRED.SUPLEMENTAR,11130341 - IRRF-OUTROS RENDIMENTOS-PRINCIPAL,5235.24,2020-11-21
18000 - SECRETARIA DA SEGURANCA PUBLICA,00001 - GOVERNO DO ESTADO DE SAO PAULO,180318 - DELEG.SECC.POLICIA DE AVARE,001 - TESOURO-DOT.INICIAL E CRED.SUPLEMENTAR,19909911 - OUTRAS RECEITAS - PRIMARIAS - PRINCIPAL,753.78,2020-11-21
18000 - SECRETARIA DA SEGURANCA PUBLICA,00001 - GOVERNO DO ESTADO DE SAO PAULO,180319 - DELEG.SECC.POLICIA DE ITAPETININGA,001 - TESOURO-DOT.INICIAL E CRED.SUPLEMENTAR,11130341 - IRRF-OUTROS RENDIMENTOS-PRINCIPAL,7351.28,2020-11-21
18000 - SECRETARIA DA SEGURANCA PUBLICA,00001 - GOVERNO DO ESTADO DE SAO PAULO,180322 - CENTRO ODONTOLOGICO - CODONT,001 - TESOURO-DOT.INICIAL E CRED.SUPLEMENTAR,19909911 - OUTRAS RECEITAS - PRIMARIAS - PRINCIPAL,17.99,2020-11-21
18000 - SECRETARIA DA SEGURANCA PUBLICA,00001 - GOVERNO DO ESTADO DE SAO PAULO,180341 - ESCOLA DE EDUCACAO FISICA - EEF,001 - TESOURO-DOT.INICIAL E CRED.SUPLEMENTAR,19909911 - OUTRAS RECEITAS - PRIMARIAS - PRINCIPAL,35.98,2020-11-21
18000 - SECRETARIA DA SEGURANCA PUBLICA,00001 - GOVERNO DO ESTADO DE SAO PAULO,180352 - COMANDO POLIC.INTERIOR-(CPI-8-CEL PM S.FILHO,001 - TESOURO-DOT.INICIAL E CRED.SUPLEMENTAR,19909911 - OUTRAS RECEITAS - PRIMARIAS - PRINCIPAL,1421.53,2020-11-21
18000 - SECRETARIA DA SEGURANCA PUBLICA,00001 - GOVERNO DO ESTADO DE SAO PAULO,180357 - 4. DEL.SECC.POLICIA JUDICIARIA DA CAPITAL,001 - TESOURO-DOT.INICIAL E CRED.SUPLEMENTAR,19100111 - MULTAS PREVISTAS LEG. ESPECIFICA-PRINCIPAL,296.57,2020-11-21
18000 - SECRETARIA DA SEGURANCA PUBLICA,00001 - GOVERNO DO ESTADO DE SAO PAULO,180360 - 7.DEL.SECC.POLICIA JUDICIARIA DA CAPITAL,001 - TESOURO-DOT.INICIAL E CRED.SUPLEMENTAR,11130341 - IRRF-OUTROS RENDIMENTOS-PRINCIPAL,868.46,2020-11-21
18000 - SECRETARIA DA SEGURANCA PUBLICA,00001 - GOVERNO DO ESTADO DE SAO PAULO,180362 - COMANDO DE POLICIAMENTO DO INTERIOR-9 -CPI-9,001 - TESOURO-DOT.INICIAL E CRED.SUPLEMENTAR,19280111 - INDENIZAC,4095.35,2020-11-21
18000 - SECRETARIA DA SEGURANCA PUBLICA,00001 - GOVERNO DO ESTADO DE SAO PAULO,180370 - DEPTO. POLICIA DE PROTECAO A CIDADANIA-DPPC,001 - TESOURO-DOT.INICIAL E CRED.SUPLEMENTAR,11130341 - IRRF-OUTROS RENDIMENTOS-PRINCIPAL,4940.05,2020-11-21
18000 - SECRETARIA DA SEGURANCA PUBLICA,00001 - GOVERNO DO ESTADO DE SAO PAULO,180370 - DEPTO. POLICIA DE PROTECAO A CIDADANIA-DPPC,001 - TESOURO-DOT.INICIAL E CRED.SUPLEMENTAR,19100111 - MULTAS PREVISTAS LEG. ESPECIFICA-PRINCIPAL,303.13,2020-11-21
18000 - SECRETARIA DA SEGURANCA PUBLICA,00001 - GOVERNO DO ESTADO DE SAO PAULO,180373 - COMANDO DE POLICIAMENTO DO INTERIOR - 10,001 - TESOURO-DOT.INICIAL E CRED.SUPLEMENTAR,19909911 - OUTRAS RECEITAS - PRIMARIAS - PRINCIPAL,75.0,2020-11-21
18000 - SECRETARIA DA SEGURANCA PUBLICA,00001 - GOVERNO DO ESTADO DE SAO PAULO,180376 - DIVISAO DE SUPRIMENTOS,001 - TESOURO-DOT.INICIAL E CRED.SUPLEMENTAR,19100111 - MULTAS PREVISTAS LEG. ESPECIFICA-PRINCIPAL,12.74,2020-11-21
18000 - SECRETARIA DA SEGURANCA PUBLICA,00001 - GOVERNO DO ESTADO DE SAO PAULO,180377 - 2. DELEG.SECC.POLICIA DE CAMPINAS,001 - TESOURO-DOT.INICIAL E CRED.SUPLEMENTAR,11130341 - IRRF-OUTROS RENDIMENTOS-PRINCIPAL,7568.44,2020-11-21
18000 - SECRETARIA DA SEGURANCA PUBLICA,00001 - GOVERNO DO ESTADO DE SAO PAULO,180378 - CTO. INTEGRADO DE APOIO FINANCEIRO - CIAF,001 - TESOURO-DOT.INICIAL E CRED.SUPLEMENTAR,11130311 - IRRF-IMP. RENDA RET. FTE-TRABALHO-PRINCIPAL,543.92,2020-11-21
18000 - SECRETARIA DA SEGURANCA PUBLICA,00001 - GOVERNO DO ESTADO DE SAO PAULO,180378 - CTO. INTEGRADO DE APOIO FINANCEIRO - CIAF,001 - TESOURO-DOT.INICIAL E CRED.SUPLEMENTAR,19280291 - OUTRAS RESTITUICOES-ESPECIF.E/DF/M-PRINCIPAL,447811.36,2020-11-21
18000 - SECRETARIA DA SEGURANCA PUBLICA,00001 - GOVERNO DO ESTADO DE SAO PAULO,180378 - CTO. INTEGRADO DE APOIO FINANCEIRO - CIAF,003 - RECURSOS VINCULADOS-FUNDO ESPECIAL DE DESPES,19901211 - ENCARGOS LEGAIS INSCR. DIV.ATIVA-PRINCIPAL,210245.11,2020-11-21
18000 - SECRETARIA DA SEGURANCA PUBLICA,00001 - GOVERNO DO ESTADO DE SAO PAULO,180381 - 1. BATALHAO DE POLICIA RODOVIARIA - 1.BPRV,001 - TESOURO-DOT.INICIAL E CRED.SUPLEMENTAR,19909911 - OUTRAS RECEITAS - PRIMARIAS - PRINCIPAL,2340.48,2020-11-21
18000 - SECRETARIA DA SEGURANCA PUBLICA,00001 - GOVERNO DO ESTADO DE SAO PAULO,180388 - CTO. OPERACOES DA PM - COPOM,001 - TESOURO-DOT.INICIAL E CRED.SUPLEMENTAR,19909911 - OUTRAS RECEITAS - PRIMARIAS - PRINCIPAL,735.94,2020-11-21
18000 - SECRETARIA DA SEGURANCA PUBLICA,18058 - CAIXA BENEFICENTE DA POLICIA MILITAR,182101 - CAIXA BENEFICENTE DA POLICIA MILITAR,004 - REC.PROPRIO-ADM.IND.-DOT.INIC.CR.SUPL.,12100611 - CONTRIB.FDO ASSIST.MED.POL.MILITAR- PRINCIPA,0.0,2020-11-21
18000 - SECRETARIA DA SEGURANCA PUBLICA,18058 - CAIXA BENEFICENTE DA POLICIA MILITAR,182101 - CAIXA BENEFICENTE DA POLICIA MILITAR,004 - REC.PROPRIO-ADM.IND.-DOT.INIC.CR.SUPL.,13100111 - ALUGUEIS E ARRENDAMENTOS - PRINCIPAL,5606837.46,2020-11-21
18000 - SECRETARIA DA SEGURANCA PUBLICA,18058 - CAIXA BENEFICENTE DA POLICIA MILITAR,182101 - CAIXA BENEFICENTE DA POLICIA MILITAR,004 - REC.PROPRIO-ADM.IND.-DOT.INIC.CR.SUPL.,13210011 - REMUNERACAO  DEPOSITOS BANCARIOS - PRINCIPAL,308699.23,2020-11-21
18000 - SECRETARIA DA SEGURANCA PUBLICA,18058 - CAIXA BENEFICENTE DA POLICIA MILITAR,182101 - CAIXA BENEFICENTE DA POLICIA MILITAR,004 - REC.PROPRIO-ADM.IND.-DOT.INIC.CR.SUPL.,16300211 - SERV.ASSIST.SAUDE SUPLEMENTAR-SERVIDOR CIVIL,12388.83,2020-11-21
18000 - SECRETARIA DA SEGURANCA PUBLICA,18058 - CAIXA BENEFICENTE DA POLICIA MILITAR,182101 - CAIXA BENEFICENTE DA POLICIA MILITAR,004 - REC.PROPRIO-ADM.IND.-DOT.INIC.CR.SUPL.,16300221 - SERV.ASSIST.MEDICO-HOSPITALAR DO MILITAR,171407340.72,2020-11-21
18000 - SECRETARIA DA SEGURANCA PUBLICA,18058 - CAIXA BENEFICENTE DA POLICIA MILITAR,182101 - CAIXA BENEFICENTE DA POLICIA MILITAR,004 - REC.PROPRIO-ADM.IND.-DOT.INIC.CR.SUPL.,19280291 - OUTRAS RESTITUICOES-ESPECIF.E/DF/M-PRINCIPAL,18605787.36,2020-11-21
18000 - SECRETARIA DA SEGURANCA PUBLICA,18058 - CAIXA BENEFICENTE DA POLICIA MILITAR,182101 - CAIXA BENEFICENTE DA POLICIA MILITAR,004 - REC.PROPRIO-ADM.IND.-DOT.INIC.CR.SUPL.,19909911 - OUTRAS RECEITAS - PRIMARIAS - PRINCIPAL,1393340.13,2020-11-21
18000 - SECRETARIA DA SEGURANCA PUBLICA,18058 - CAIXA BENEFICENTE DA POLICIA MILITAR,182184 - CAIXA BENEFICENTE DA POL.MIL.- UGFRP,004 - REC.PROPRIO-ADM.IND.-DOT.INIC.CR.SUPL.,13210011 - REMUNERACAO  DEPOSITOS BANCARIOS - PRINCIPAL,0.0,2020-11-21
20000 - SECRETARIA DA FAZENDA E PLANEJAMENTO,00001 - GOVERNO DO ESTADO DE SAO PAULO,200001 - SECRETARIA DA FAZENDA E PLANEJAMENTO,001 - TESOURO-DOT.INICIAL E CRED.SUPLEMENTAR,11130311 - IRRF-IMP. RENDA RET. FTE-TRABALHO-PRINCIPAL,47413.52,2020-11-21
20000 - SECRETARIA DA FAZENDA E PLANEJAMENTO,00001 - GOVERNO DO ESTADO DE SAO PAULO,200001 - SECRETARIA DA FAZENDA E PLANEJAMENTO,001 - TESOURO-DOT.INICIAL E CRED.SUPLEMENTAR,13100111 - ALUGUEIS E ARRENDAMENTOS - PRINCIPAL,448151.66,2020-11-21
20000 - SECRETARIA DA FAZENDA E PLANEJAMENTO,00001 - GOVERNO DO ESTADO DE SAO PAULO,200001 - SECRETARIA DA FAZENDA E PLANEJAMENTO,001 - TESOURO-DOT.INICIAL E CRED.SUPLEMENTAR,13210011 - REMUNERACAO  DEPOSITOS BANCARIOS - PRINCIPAL,249.87,2020-11-21
20000 - SECRETARIA DA FAZENDA E PLANEJAMENTO,00001 - GOVERNO DO ESTADO DE SAO PAULO,200001 - SECRETARIA DA FAZENDA E PLANEJAMENTO,001 - TESOURO-DOT.INICIAL E CRED.SUPLEMENTAR,19280291 - OUTRAS RESTITUICOES-ESPECIF.E/DF/M-PRINCIPAL,9384613.63,2020-11-21
20000 - SECRETARIA DA FAZENDA E PLANEJAMENTO,00001 - GOVERNO DO ESTADO DE SAO PAULO,200001 - SECRETARIA DA FAZENDA E PLANEJAMENTO,001 - TESOURO-DOT.INICIAL E CRED.SUPLEMENTAR,19909911 - OUTRAS RECEITAS - PRIMARIAS - PRINCIPAL,601924.58,2020-11-21
20000 - SECRETARIA DA FAZENDA E PLANEJAMENTO,00001 - GOVERNO DO ESTADO DE SAO PAULO,200001 - SECRETARIA DA FAZENDA E PLANEJAMENTO,081 - TESOURO-DOT.INICIAL E CRED.SUPLEMENTAR-INTRA,19280291 - OUTRAS RESTITUICOES-ESPECIF.E/DF/M-PRINCIPAL,1296914.31,2020-11-21
20000 - SECRETARIA DA FAZENDA E PLANEJAMENTO,00001 - GOVERNO DO ESTADO DE SAO PAULO,200002 - TESOURO DO ESTADO,001 - TESOURO-DOT.INICIAL E CRED.SUPLEMENTAR,11130311 - IRRF-IMP. RENDA RET. FTE-TRABALHO-PRINCIPAL,3604280866.76,2020-11-21
20000 - SECRETARIA DA FAZENDA E PLANEJAMENTO,00001 - GOVERNO DO ESTADO DE SAO PAULO,200002 - TESOURO DO ESTADO,001 - TESOURO-DOT.INICIAL E CRED.SUPLEMENTAR,11130341 - IRRF-OUTROS RENDIMENTOS-PRINCIPAL,82423287.58,2020-11-21
20000 - SECRETARIA DA FAZENDA E PLANEJAMENTO,00001 - GOVERNO DO ESTADO DE SAO PAULO,200002 - TESOURO DO ESTADO,001 - TESOURO-DOT.INICIAL E CRED.SUPLEMENTAR,11180214 - ICMS - DIVIDA ATIVA - MULTAS E JUROS,1279.0,2020-11-21
20000 - SECRETARIA DA FAZENDA E PLANEJAMENTO,00001 - GOVERNO DO ESTADO DE SAO PAULO,200002 - TESOURO DO ESTADO,001 - TESOURO-DOT.INICIAL E CRED.SUPLEMENTAR,13210011 - REMUNERACAO  DEPOSITOS BANCARIOS - PRINCIPAL,258439821.6,2020-11-21
20000 - SECRETARIA DA FAZENDA E PLANEJAMENTO,00001 - GOVERNO DO ESTADO DE SAO PAULO,200002 - TESOURO DO ESTADO,001 - TESOURO-DOT.INICIAL E CRED.SUPLEMENTAR,13210061 - JUROS SOBRE O CAPITAL PROPRIO - PRINCIPAL,47561984.16,2020-11-21
20000 - SECRETARIA DA FAZENDA E PLANEJAMENTO,00001 - GOVERNO DO ESTADO DE SAO PAULO,200002 - TESOURO DO ESTADO,001 - TESOURO-DOT.INICIAL E CRED.SUPLEMENTAR,13220011 - DIVIDENDOS - PRINCIPAL,543570420.11,2020-11-21
20000 - SECRETARIA DA FAZENDA E PLANEJAMENTO,00001 - GOVERNO DO ESTADO DE SAO PAULO,200002 - TESOURO DO ESTADO,001 - TESOURO-DOT.INICIAL E CRED.SUPLEMENTAR,13310311 - DELEG.P/PREST.DOS SERV.DE TRANSP.METROV-PRIN,2674868.41,2020-11-21
20000 - SECRETARIA DA FAZENDA E PLANEJAMENTO,00001 - GOVERNO DO ESTADO DE SAO PAULO,200002 - TESOURO DO ESTADO,001 - TESOURO-DOT.INICIAL E CRED.SUPLEMENTAR,13600111 - CESSAO DIREITO OPERACIONAL.PAGTOS- PRINCIPAL,12535090.09,2020-11-21
20000 - SECRETARIA DA FAZENDA E PLANEJAMENTO,00001 - GOVERNO DO ESTADO DE SAO PAULO,200002 - TESOURO DO ESTADO,001 - TESOURO-DOT.INICIAL E CRED.SUPLEMENTAR,19100111 - MULTAS PREVISTAS LEG. ESPECIFICA-PRINCIPAL,173973.99,2020-11-21
20000 - SECRETARIA DA FAZENDA E PLANEJAMENTO,00001 - GOVERNO DO ESTADO DE SAO PAULO,200002 - TESOURO DO ESTADO,001 - TESOURO-DOT.INICIAL E CRED.SUPLEMENTAR,19280291 - OUTRAS RESTITUICOES-ESPECIF.E/DF/M-PRINCIPAL,20999964.01,2020-11-21
20000 - SECRETARIA DA FAZENDA E PLANEJAMENTO,00001 - GOVERNO DO ESTADO DE SAO PAULO,200002 - TESOURO DO ESTADO,001 - TESOURO-DOT.INICIAL E CRED.SUPLEMENTAR,19909911 - OUTRAS RECEITAS - PRIMARIAS - PRINCIPAL,6336173.77,2020-11-21
20000 - SECRETARIA DA FAZENDA E PLANEJAMENTO,00001 - GOVERNO DO ESTADO DE SAO PAULO,200002 - TESOURO DO ESTADO,002 - RECURSOS VINCULADOS ESTADUAIS,17180211 - COTA-PARTE COMPENSACAO FIN.REC. HIDRICO-PRIN,46357763.87,2020-11-21
20000 - SECRETARIA DA FAZENDA E PLANEJAMENTO,00001 - GOVERNO DO ESTADO DE SAO PAULO,200002 - TESOURO DO ESTADO,002 - RECURSOS VINCULADOS ESTADUAIS,17180221 - COTA-PARTE COMPENSACAO FIN.REC.MINERAL-PRINC,7165385.7,2020-11-21
20000 - SECRETARIA DA FAZENDA E PLANEJAMENTO,00001 - GOVERNO DO ESTADO DE SAO PAULO,200002 - TESOURO DO ESTADO,002 - RECURSOS VINCULADOS ESTADUAIS,17180231 - COTA-PARTE ROYALTIE-COMP.FIN.PROD.PETR-PRINC,72690361.86,2020-11-21
20000 - SECRETARIA DA FAZENDA E PLANEJAMENTO,00001 - GOVERNO DO ESTADO DE SAO PAULO,200002 - TESOURO DO ESTADO,002 - RECURSOS VINCULADOS ESTADUAIS,17180241 - COTA-PARTE ROYALTIES EXCEDENTE-LEI 9.478/97,1536866.05,2020-11-21
20000 - SECRETARIA DA FAZENDA E PLANEJAMENTO,00001 - GOVERNO DO ESTADO DE SAO PAULO,200002 - TESOURO DO ESTADO,002 - RECURSOS VINCULADOS ESTADUAIS,17180251 - COTA-PARTE ROYALTIE-PART.ESPECIAL-PRINCIPAL,8815807.25,2020-11-21
20000 - SECRETARIA DA FAZENDA E PLANEJAMENTO,00001 - GOVERNO DO ESTADO DE SAO PAULO,200002 - TESOURO DO ESTADO,002 - RECURSOS VINCULADOS ESTADUAIS,17180261 - COTA-PARTE DO FUNDO ESPECIAL DO PETROLEO -FE,21651.88,2020-11-21
20000 - SECRETARIA DA FAZENDA E PLANEJAMENTO,00001 - GOVERNO DO ESTADO DE SAO PAULO,200002 - TESOURO DO ESTADO,002 - RECURSOS VINCULADOS ESTADUAIS,19100111 - MULTAS PREVISTAS LEG. ESPECIFICA-PRINCIPAL,1290.01,2020-11-21
20000 - SECRETARIA DA FAZENDA E PLANEJAMENTO,00001 - GOVERNO DO ESTADO DE SAO PAULO,200002 - TESOURO DO ESTADO,002 - RECURSOS VINCULADOS ESTADUAIS,19909911 - OUTRAS RECEITAS - PRIMARIAS - PRINCIPAL,13209.14,2020-11-21
20000 - SECRETARIA DA FAZENDA E PLANEJAMENTO,00001 - GOVERNO DO ESTADO DE SAO PAULO,200002 - TESOURO DO ESTADO,003 - RECURSOS VINCULADOS-FUNDO ESPECIAL DE DESPES,17589911 - OUTRAS TRANSF.MULTIGOVERNAMENTAIS-PRINCIPAL,52222488.72,2020-11-21
20000 - SECRETARIA DA FAZENDA E PLANEJAMENTO,00001 - GOVERNO DO ESTADO DE SAO PAULO,200002 - TESOURO DO ESTADO,003 - RECURSOS VINCULADOS-FUNDO ESPECIAL DE DESPES,24580111 - TRANSF.DE OUTRAS INSTITUIçõES PUBLICAS-PRINC,2080932.5,2020-11-21
20000 - SECRETARIA DA FAZENDA E PLANEJAMENTO,00001 - GOVERNO DO ESTADO DE SAO PAULO,200002 - TESOURO DO ESTADO,004 - REC.PROPRIO-ADM.IND.-DOT.INIC.CR.SUPL.,16300211 - SERV.ASSIST.SAUDE SUPLEMENTAR-SERVIDOR CIVIL,22068.18,2020-11-21
20000 - SECRETARIA DA FAZENDA E PLANEJAMENTO,00001 - GOVERNO DO ESTADO DE SAO PAULO,200002 - TESOURO DO ESTADO,005 - RECURSOS VINCULADOS FEDERAIS,13210011 - REMUNERACAO  DEPOSITOS BANCARIOS - PRINCIPAL,513627.78,2020-11-21
20000 - SECRETARIA DA FAZENDA E PLANEJAMENTO,00001 - GOVERNO DO ESTADO DE SAO PAULO,200002 - TESOURO DO ESTADO,005 - RECURSOS VINCULADOS FEDERAIS,17180171 - COTA-PARTE CIDE-CONT.INTERV. DOM.ECON.-PRINC,91464141.79,2020-11-21
20000 - SECRETARIA DA FAZENDA E PLANEJAMENTO,00001 - GOVERNO DO ESTADO DE SAO PAULO,200002 - TESOURO DO ESTADO,081 - TESOURO-DOT.INICIAL E CRED.SUPLEMENTAR-INTRA,11130311 - IRRF-IMP. RENDA RET. FTE-TRABALHO-PRINCIPAL,5934311.82,2020-11-21
20000 - SECRETARIA DA FAZENDA E PLANEJAMENTO,00001 - GOVERNO DO ESTADO DE SAO PAULO,200002 - TESOURO DO ESTADO,081 - TESOURO-DOT.INICIAL E CRED.SUPLEMENTAR-INTRA,13100111 - ALUGUEIS E ARRENDAMENTOS - PRINCIPAL,26.9,2020-11-21
20000 - SECRETARIA DA FAZENDA E PLANEJAMENTO,00001 - GOVERNO DO ESTADO DE SAO PAULO,200002 - TESOURO DO ESTADO,081 - TESOURO-DOT.INICIAL E CRED.SUPLEMENTAR-INTRA,19909911 - OUTRAS RECEITAS - PRIMARIAS - PRINCIPAL,654.11,2020-11-21
20000 - SECRETARIA DA FAZENDA E PLANEJAMENTO,00001 - GOVERNO DO ESTADO DE SAO PAULO,200031 - FED-FUNDO DE MODERNIZACAO DA SECR.FAZENDA,003 - RECURSOS VINCULADOS-FUNDO ESPECIAL DE DESPES,13210011 - REMUNERACAO  DEPOSITOS BANCARIOS - PRINCIPAL,2144638.57,2020-11-21
20000 - SECRETARIA DA FAZENDA E PLANEJAMENTO,00001 - GOVERNO DO ESTADO DE SAO PAULO,200031 - FED-FUNDO DE MODERNIZACAO DA SECR.FAZENDA,003 - RECURSOS VINCULADOS-FUNDO ESPECIAL DE DESPES,19909911 - OUTRAS RECEITAS - PRIMARIAS - PRINCIPAL,0.0,2020-11-21
20000 - SECRETARIA DA FAZENDA E PLANEJAMENTO,00001 - GOVERNO DO ESTADO DE SAO PAULO,200032 - FUNDO ESP.CART.ADVOGADOS REG.EXTINCAO-FECARE,003 - RECURSOS VINCULADOS-FUNDO ESPECIAL DE DESPES,12109911 - OUTRAS CONTRIBUIC,0.0,2020-11-21
20000 - SECRETARIA DA FAZENDA E PLANEJAMENTO,00001 - GOVERNO DO ESTADO DE SAO PAULO,200032 - FUNDO ESP.CART.ADVOGADOS REG.EXTINCAO-FECARE,003 - RECURSOS VINCULADOS-FUNDO ESPECIAL DE DESPES,12199911 - DEMAIS CONTRIBUICOES SOCIAIS,79443824.84,2020-11-21
20000 - SECRETARIA DA FAZENDA E PLANEJAMENTO,00001 - GOVERNO DO ESTADO DE SAO PAULO,200032 - FUNDO ESP.CART.ADVOGADOS REG.EXTINCAO-FECARE,003 - RECURSOS VINCULADOS-FUNDO ESPECIAL DE DESPES,13210011 - REMUNERACAO  DEPOSITOS BANCARIOS - PRINCIPAL,998871.69,2020-11-21
20000 - SECRETARIA DA FAZENDA E PLANEJAMENTO,00001 - GOVERNO DO ESTADO DE SAO PAULO,200032 - FUNDO ESP.CART.ADVOGADOS REG.EXTINCAO-FECARE,003 - RECURSOS VINCULADOS-FUNDO ESPECIAL DE DESPES,16100111 - SERVICO ADMINISTRATIVO/COML.GERAL -PRINCIPAL,15503596.32,2020-11-21
20000 - SECRETARIA DA FAZENDA E PLANEJAMENTO,00001 - GOVERNO DO ESTADO DE SAO PAULO,200033 - FUNDO ESP.CART.SERVENTIAS REG.EXTINCAO-FECSE,003 - RECURSOS VINCULADOS-FUNDO ESPECIAL DE DESPES,11280221 - TAXAS EXTRAJUDICIAIS,514455557.5,2020-11-21
20000 - SECRETARIA DA FAZENDA E PLANEJAMENTO,00001 - GOVERNO DO ESTADO DE SAO PAULO,200033 - FUNDO ESP.CART.SERVENTIAS REG.EXTINCAO-FECSE,003 - RECURSOS VINCULADOS-FUNDO ESPECIAL DE DESPES,12109911 - OUTRAS CONTRIBUIC,21680819.06,2020-11-21
20000 - SECRETARIA DA FAZENDA E PLANEJAMENTO,00001 - GOVERNO DO ESTADO DE SAO PAULO,200033 - FUNDO ESP.CART.SERVENTIAS REG.EXTINCAO-FECSE,003 - RECURSOS VINCULADOS-FUNDO ESPECIAL DE DESPES,12199911 - DEMAIS CONTRIBUICOES SOCIAIS,54562712.13,2020-11-21
20000 - SECRETARIA DA FAZENDA E PLANEJAMENTO,00001 - GOVERNO DO ESTADO DE SAO PAULO,200033 - FUNDO ESP.CART.SERVENTIAS REG.EXTINCAO-FECSE,003 - RECURSOS VINCULADOS-FUNDO ESPECIAL DE DESPES,13210011 - REMUNERACAO  DEPOSITOS BANCARIOS - PRINCIPAL,892851.25,2020-11-21
20000 - SECRETARIA DA FAZENDA E PLANEJAMENTO,00001 - GOVERNO DO ESTADO DE SAO PAULO,200033 - FUNDO ESP.CART.SERVENTIAS REG.EXTINCAO-FECSE,003 - RECURSOS VINCULADOS-FUNDO ESPECIAL DE DESPES,16100111 - SERVICO ADMINISTRATIVO/COML.GERAL -PRINCIPAL,48737904.99,2020-11-21
20000 - SECRETARIA DA FAZENDA E PLANEJAMENTO,00001 - GOVERNO DO ESTADO DE SAO PAULO,200071 - SEC.FAZENDA - RESTITUICAO DE RECEITA,001 - TESOURO-DOT.INICIAL E CRED.SUPLEMENTAR,19280291 - OUTRAS RESTITUICOES-ESPECIF.E/DF/M-PRINCIPAL,241.67,2020-11-21
20000 - SECRETARIA DA FAZENDA E PLANEJAMENTO,00001 - GOVERNO DO ESTADO DE SAO PAULO,200073 - RESTITUICOES - NOTA FISCAL PAULISTA,001 - TESOURO-DOT.INICIAL E CRED.SUPLEMENTAR,11130341 - IRRF-OUTROS RENDIMENTOS-PRINCIPAL,28714285.7,2020-11-21
20000 - SECRETARIA DA FAZENDA E PLANEJAMENTO,00001 - GOVERNO DO ESTADO DE SAO PAULO,200073 - RESTITUICOES - NOTA FISCAL PAULISTA,001 - TESOURO-DOT.INICIAL E CRED.SUPLEMENTAR,13210011 - REMUNERACAO  DEPOSITOS BANCARIOS - PRINCIPAL,1454.64,2020-11-21
20000 - SECRETARIA DA FAZENDA E PLANEJAMENTO,00001 - GOVERNO DO ESTADO DE SAO PAULO,200073 - RESTITUICOES - NOTA FISCAL PAULISTA,001 - TESOURO-DOT.INICIAL E CRED.SUPLEMENTAR,19909911 - OUTRAS RECEITAS - PRIMARIAS - PRINCIPAL,774.39,2020-11-21
20000 - SECRETARIA DA FAZENDA E PLANEJAMENTO,00001 - GOVERNO DO ESTADO DE SAO PAULO,200101 - GABINETE DO SECRETARIO,001 - TESOURO-DOT.INICIAL E CRED.SUPLEMENTAR,13210011 - REMUNERACAO  DEPOSITOS BANCARIOS - PRINCIPAL,335152.14,2020-11-21
20000 - SECRETARIA DA FAZENDA E PLANEJAMENTO,00001 - GOVERNO DO ESTADO DE SAO PAULO,200101 - GABINETE DO SECRETARIO,002 - RECURSOS VINCULADOS ESTADUAIS,12180111 - CPSSS - SERVIDOR CIVIL  ATIVO - PRINCIPAL,25913.61,2020-11-21
20000 - SECRETARIA DA FAZENDA E PLANEJAMENTO,00001 - GOVERNO DO ESTADO DE SAO PAULO,200136 - DEPTO.DESPESA DE PESSOAL DO ESTADO,001 - TESOURO-DOT.INICIAL E CRED.SUPLEMENTAR,11130311 - IRRF-IMP. RENDA RET. FTE-TRABALHO-PRINCIPAL,2446988072.21,2020-11-21
20000 - SECRETARIA DA FAZENDA E PLANEJAMENTO,00001 - GOVERNO DO ESTADO DE SAO PAULO,200136 - DEPTO.DESPESA DE PESSOAL DO ESTADO,001 - TESOURO-DOT.INICIAL E CRED.SUPLEMENTAR,13100111 - ALUGUEIS E ARRENDAMENTOS - PRINCIPAL,956260.35,2020-11-21
20000 - SECRETARIA DA FAZENDA E PLANEJAMENTO,00001 - GOVERNO DO ESTADO DE SAO PAULO,200136 - DEPTO.DESPESA DE PESSOAL DO ESTADO,001 - TESOURO-DOT.INICIAL E CRED.SUPLEMENTAR,19909911 - OUTRAS RECEITAS - PRIMARIAS - PRINCIPAL,7053390.34,2020-11-21
20000 - SECRETARIA DA FAZENDA E PLANEJAMENTO,00001 - GOVERNO DO ESTADO DE SAO PAULO,200136 - DEPTO.DESPESA DE PESSOAL DO ESTADO,003 - RECURSOS VINCULADOS-FUNDO ESPECIAL DE DESPES,19901211 - ENCARGOS LEGAIS INSCR. DIV.ATIVA-PRINCIPAL,374399.56,2020-11-21
20000 - SECRETARIA DA FAZENDA E PLANEJAMENTO,00001 - GOVERNO DO ESTADO DE SAO PAULO,200143 - DEPTO.TECNOLOGIA DA INFORMACAO - DTI,001 - TESOURO-DOT.INICIAL E CRED.SUPLEMENTAR,19909911 - OUTRAS RECEITAS - PRIMARIAS - PRINCIPAL,15.06,2020-11-21
20000 - SECRETARIA DA FAZENDA E PLANEJAMENTO,00001 - GOVERNO DO ESTADO DE SAO PAULO,200147 - DEPTO.SUPRIMENTOS E INFRAESTRUTURA,001 - TESOURO-DOT.INICIAL E CRED.SUPLEMENTAR,19100111 - MULTAS PREVISTAS LEG. ESPECIFICA-PRINCIPAL,350.64,2020-11-21
20000 - SECRETARIA DA FAZENDA E PLANEJAMENTO,00001 - GOVERNO DO ESTADO DE SAO PAULO,200147 - DEPTO.SUPRIMENTOS E INFRAESTRUTURA,001 - TESOURO-DOT.INICIAL E CRED.SUPLEMENTAR,19280291 - OUTRAS RESTITUICOES-ESPECIF.E/DF/M-PRINCIPAL,457312.16,2020-11-21
20000 - SECRETARIA DA FAZENDA E PLANEJAMENTO,00001 - GOVERNO DO ESTADO DE SAO PAULO,200149 - CENTRO REG.ADMINISTRACAO DE TAUBATE,001 - TESOURO-DOT.INICIAL E CRED.SUPLEMENTAR,19280291 - OUTRAS RESTITUICOES-ESPECIF.E/DF/M-PRINCIPAL,2326.59,2020-11-21
20000 - SECRETARIA DA FAZENDA E PLANEJAMENTO,00001 - GOVERNO DO ESTADO DE SAO PAULO,200150 - CENTRO REG.ADMINISTRACAO DE SOROCABA,001 - TESOURO-DOT.INICIAL E CRED.SUPLEMENTAR,11130341 - IRRF-OUTROS RENDIMENTOS-PRINCIPAL,1659.3,2020-11-21
20000 - SECRETARIA DA FAZENDA E PLANEJAMENTO,00001 - GOVERNO DO ESTADO DE SAO PAULO,200150 - CENTRO REG.ADMINISTRACAO DE SOROCABA,001 - TESOURO-DOT.INICIAL E CRED.SUPLEMENTAR,19280291 - OUTRAS RESTITUICOES-ESPECIF.E/DF/M-PRINCIPAL,8211.41,2020-11-21
20000 - SECRETARIA DA FAZENDA E PLANEJAMENTO,00001 - GOVERNO DO ESTADO DE SAO PAULO,200151 - CENTRO REG.ADMINISTRACAO DE CAMPINAS,001 - TESOURO-DOT.INICIAL E CRED.SUPLEMENTAR,19280291 - OUTRAS RESTITUICOES-ESPECIF.E/DF/M-PRINCIPAL,5.63,2020-11-21
20000 - SECRETARIA DA FAZENDA E PLANEJAMENTO,00001 - GOVERNO DO ESTADO DE SAO PAULO,200152 - CENTRO REG.ADMINISTRACAO DE RIB.PRETO,001 - TESOURO-DOT.INICIAL E CRED.SUPLEMENTAR,19280291 - OUTRAS RESTITUICOES-ESPECIF.E/DF/M-PRINCIPAL,2612.74,2020-11-21
20000 - SECRETARIA DA FAZENDA E PLANEJAMENTO,00001 - GOVERNO DO ESTADO DE SAO PAULO,200155 - CENTRO REG.ADMINISTRACAO DE ARACATUBA,001 - TESOURO-DOT.INICIAL E CRED.SUPLEMENTAR,11130341 - IRRF-OUTROS RENDIMENTOS-PRINCIPAL,1783.36,2020-11-21
20000 - SECRETARIA DA FAZENDA E PLANEJAMENTO,00001 - GOVERNO DO ESTADO DE SAO PAULO,200155 - CENTRO REG.ADMINISTRACAO DE ARACATUBA,001 - TESOURO-DOT.INICIAL E CRED.SUPLEMENTAR,19280291 - OUTRAS RESTITUICOES-ESPECIF.E/DF/M-PRINCIPAL,2744.6,2020-11-21
20000 - SECRETARIA DA FAZENDA E PLANEJAMENTO,00001 - GOVERNO DO ESTADO DE SAO PAULO,200156 - CENTRO REG.ADMINISTRACAO DE P.PRUDENTE,001 - TESOURO-DOT.INICIAL E CRED.SUPLEMENTAR,19280291 - OUTRAS RESTITUICOES-ESPECIF.E/DF/M-PRINCIPAL,12848.5,2020-11-21
20000 - SECRETARIA DA FAZENDA E PLANEJAMENTO,00001 - GOVERNO DO ESTADO DE SAO PAULO,200157 - CENTRO REG.ADMINISTRACAO DE MARILIA,001 - TESOURO-DOT.INICIAL E CRED.SUPLEMENTAR,11130341 - IRRF-OUTROS RENDIMENTOS-PRINCIPAL,4093.85,2020-11-21
20000 - SECRETARIA DA FAZENDA E PLANEJAMENTO,00001 - GOVERNO DO ESTADO DE SAO PAULO,200158 - CENTRO REG.ADMINISTRACAO DO ABCD,001 - TESOURO-DOT.INICIAL E CRED.SUPLEMENTAR,11130341 - IRRF-OUTROS RENDIMENTOS-PRINCIPAL,534.63,2020-11-21
20000 - SECRETARIA DA FAZENDA E PLANEJAMENTO,00001 - GOVERNO DO ESTADO DE SAO PAULO,200159 - CENTRO REG.ADMINISTRACAO DE GUARULHOS,001 - TESOURO-DOT.INICIAL E CRED.SUPLEMENTAR,11130341 - IRRF-OUTROS RENDIMENTOS-PRINCIPAL,4836.42,2020-11-21
20000 - SECRETARIA DA FAZENDA E PLANEJAMENTO,00001 - GOVERNO DO ESTADO DE SAO PAULO,200160 - CENTRO REG.ADMINISTRACAO DE OSASCO,001 - TESOURO-DOT.INICIAL E CRED.SUPLEMENTAR,11130341 - IRRF-OUTROS RENDIMENTOS-PRINCIPAL,24467.28,2020-11-21
20000 - SECRETARIA DA FAZENDA E PLANEJAMENTO,00001 - GOVERNO DO ESTADO DE SAO PAULO,200178 - DEPTO. GESTAO DIVIDA E HAVERES DO ESTADO,007 - OP.CRED.E CONTRIB.DO EXTERIOR-DOT.INIC.CR.SU,19901111 - VARIACAO CAMBIAL - PRINCIPAL,6312184.8,2020-11-21
20000 - SECRETARIA DA FAZENDA E PLANEJAMENTO,00001 - GOVERNO DO ESTADO DE SAO PAULO,200178 - DEPTO. GESTAO DIVIDA E HAVERES DO ESTADO,007 - OP.CRED.E CONTRIB.DO EXTERIOR-DOT.INIC.CR.SU,21120011 - OPERACAO CRED.CONTRATUAL-MERC.INTERNO-PRINC,283357561.97,2020-11-21
20000 - SECRETARIA DA FAZENDA E PLANEJAMENTO,00001 - GOVERNO DO ESTADO DE SAO PAULO,200178 - DEPTO. GESTAO DIVIDA E HAVERES DO ESTADO,007 - OP.CRED.E CONTRIB.DO EXTERIOR-DOT.INIC.CR.SU,21180121 - OPERACAO CRED.INTERNO A PROG. SAUDE-PRINC,40080225.8,2020-11-21
20000 - SECRETARIA DA FAZENDA E PLANEJAMENTO,00001 - GOVERNO DO ESTADO DE SAO PAULO,200178 - DEPTO. GESTAO DIVIDA E HAVERES DO ESTADO,007 - OP.CRED.E CONTRIB.DO EXTERIOR-DOT.INIC.CR.SU,21220011 - OPERACAO CRED.CONTRATUAL-MERC.EXTERNO-PRINC,396282095.05,2020-11-21
20000 - SECRETARIA DA FAZENDA E PLANEJAMENTO,00001 - GOVERNO DO ESTADO DE SAO PAULO,200178 - DEPTO. GESTAO DIVIDA E HAVERES DO ESTADO,007 - OP.CRED.E CONTRIB.DO EXTERIOR-DOT.INIC.CR.SU,21280121 - OPERACAO CRED.EXTERNO A PROG. SAUDE-PRINC,103603215.85,2020-11-21
20000 - SECRETARIA DA FAZENDA E PLANEJAMENTO,00001 - GOVERNO DO ESTADO DE SAO PAULO,200178 - DEPTO. GESTAO DIVIDA E HAVERES DO ESTADO,007 - OP.CRED.E CONTRIB.DO EXTERIOR-DOT.INIC.CR.SU,21280141 - OPERACAO CRED.EXTERNO A PROG.MEIO AMB-PRINC,50000000.0,2020-11-21
20000 - SECRETARIA DA FAZENDA E PLANEJAMENTO,00001 - GOVERNO DO ESTADO DE SAO PAULO,200178 - DEPTO. GESTAO DIVIDA E HAVERES DO ESTADO,007 - OP.CRED.E CONTRIB.DO EXTERIOR-DOT.INIC.CR.SU,21280151 - OPERACAO CRED.EXT.A PROG.MODERN.ADM.PUB-PRIN,70579240.0,2020-11-21
20000 - SECRETARIA DA FAZENDA E PLANEJAMENTO,00001 - GOVERNO DO ESTADO DE SAO PAULO,200178 - DEPTO. GESTAO DIVIDA E HAVERES DO ESTADO,007 - OP.CRED.E CONTRIB.DO EXTERIOR-DOT.INIC.CR.SU,24681011 - OUTRAS TRANSFERENCIAS DO EXTERIOR-PRINCIPAL,384916.04,2020-11-21
20000 - SECRETARIA DA FAZENDA E PLANEJAMENTO,20058 - INST.DE PAGAMENTOS ESPECIAIS DE S.P.-IPESP,202201 - INSTITUTO DE PAGTOS. ESPECIAIS S.PAULO-IPESP,004 - REC.PROPRIO-ADM.IND.-DOT.INIC.CR.SUPL.,12180111 - CPSSS - SERVIDOR CIVIL  ATIVO - PRINCIPAL,1300000.0,2020-11-21
20000 - SECRETARIA DA FAZENDA E PLANEJAMENTO,20058 - INST.DE PAGAMENTOS ESPECIAIS DE S.P.-IPESP,202201 - INSTITUTO DE PAGTOS. ESPECIAIS S.PAULO-IPESP,004 - REC.PROPRIO-ADM.IND.-DOT.INIC.CR.SUPL.,13210011 - REMUNERACAO  DEPOSITOS BANCARIOS - PRINCIPAL,978468.82,2020-11-21
20000 - SECRETARIA DA FAZENDA E PLANEJAMENTO,20058 - INST.DE PAGAMENTOS ESPECIAIS DE S.P.-IPESP,202201 - INSTITUTO DE PAGTOS. ESPECIAIS S.PAULO-IPESP,004 - REC.PROPRIO-ADM.IND.-DOT.INIC.CR.SUPL.,13220011 - DIVIDENDOS - PRINCIPAL,15.12,2020-11-21
20000 - SECRETARIA DA FAZENDA E PLANEJAMENTO,20058 - INST.DE PAGAMENTOS ESPECIAIS DE S.P.-IPESP,202201 - INSTITUTO DE PAGTOS. ESPECIAIS S.PAULO-IPESP,004 - REC.PROPRIO-ADM.IND.-DOT.INIC.CR.SUPL.,16100111 - SERVICO ADMINISTRATIVO/COML.GERAL -PRINCIPAL,8500.15,2020-11-21
20000 - SECRETARIA DA FAZENDA E PLANEJAMENTO,20058 - INST.DE PAGAMENTOS ESPECIAIS DE S.P.-IPESP,202201 - INSTITUTO DE PAGTOS. ESPECIAIS S.PAULO-IPESP,004 - REC.PROPRIO-ADM.IND.-DOT.INIC.CR.SUPL.,16400111 - RETORNO OPERACOES/JUROS/ ENC.FIN.-PRINCIPAL,888559.94,2020-11-21
20000 - SECRETARIA DA FAZENDA E PLANEJAMENTO,20058 - INST.DE PAGAMENTOS ESPECIAIS DE S.P.-IPESP,202201 - INSTITUTO DE PAGTOS. ESPECIAIS S.PAULO-IPESP,004 - REC.PROPRIO-ADM.IND.-DOT.INIC.CR.SUPL.,19280291 - OUTRAS RESTITUICOES-ESPECIF.E/DF/M-PRINCIPAL,1243.64,2020-11-21
20000 - SECRETARIA DA FAZENDA E PLANEJAMENTO,20058 - INST.DE PAGAMENTOS ESPECIAIS DE S.P.-IPESP,202201 - INSTITUTO DE PAGTOS. ESPECIAIS S.PAULO-IPESP,004 - REC.PROPRIO-ADM.IND.-DOT.INIC.CR.SUPL.,19909911 - OUTRAS RECEITAS - PRIMARIAS - PRINCIPAL,173.38,2020-11-21
20000 - SECRETARIA DA FAZENDA E PLANEJAMENTO,20058 - INST.DE PAGAMENTOS ESPECIAIS DE S.P.-IPESP,202201 - INSTITUTO DE PAGTOS. ESPECIAIS S.PAULO-IPESP,004 - REC.PROPRIO-ADM.IND.-DOT.INIC.CR.SUPL.,23000611 - AMORTIZACAO EMPRESTIMO CONTRATUAL-PRINCIPAL,296244.79,2020-11-21
20000 - SECRETARIA DA FAZENDA E PLANEJAMENTO,20058 - INST.DE PAGAMENTOS ESPECIAIS DE S.P.-IPESP,202284 - INST. PAGTOS. ESPECIAIS S.PAULO-IPESP-UGFRP,004 - REC.PROPRIO-ADM.IND.-DOT.INIC.CR.SUPL.,13210011 - REMUNERACAO  DEPOSITOS BANCARIOS - PRINCIPAL,28739.02,2020-11-21
20000 - SECRETARIA DA FAZENDA E PLANEJAMENTO,20060 - CART.PREVIDENCIA DOS ECONOMISTAS DE S.PAULO,202401 - CARTEIRA DE PREV.DOS ECONOMISTAS DE S.PAULO,004 - REC.PROPRIO-ADM.IND.-DOT.INIC.CR.SUPL.,13210011 - REMUNERACAO  DEPOSITOS BANCARIOS - PRINCIPAL,5743.6,2020-11-21
20000 - SECRETARIA DA FAZENDA E PLANEJAMENTO,20060 - CART.PREVIDENCIA DOS ECONOMISTAS DE S.PAULO,202484 - CART.PREV.ECONOMISTAS SP. - UGFRP,004 - REC.PROPRIO-ADM.IND.-DOT.INIC.CR.SUPL.,13210011 - REMUNERACAO  DEPOSITOS BANCARIOS - PRINCIPAL,759.79,2020-11-21
20000 - SECRETARIA DA FAZENDA E PLANEJAMENTO,20065 - SAO PAULO PREVIDENCIA - SPPREV,202601 - SAO PAULO PREVIDENCIA - SPPREV,002 - RECURSOS VINCULADOS ESTADUAIS,12180113 - CONTRIB.REG.GER.PREV.SOC-RGPS-DIVIDA ATIVA,130709.36,2020-11-21
20000 - SECRETARIA DA FAZENDA E PLANEJAMENTO,20065 - SAO PAULO PREVIDENCIA - SPPREV,202601 - SAO PAULO PREVIDENCIA - SPPREV,002 - RECURSOS VINCULADOS ESTADUAIS,17180231 - COTA-PARTE ROYALTIE-COMP.FIN.PROD.PETR-PRINC,248959761.64,2020-11-21
20000 - SECRETARIA DA FAZENDA E PLANEJAMENTO,20065 - SAO PAULO PREVIDENCIA - SPPREV,202601 - SAO PAULO PREVIDENCIA - SPPREV,002 - RECURSOS VINCULADOS ESTADUAIS,17180241 - COTA-PARTE ROYALTIES EXCEDENTE-LEI 9.478/97,152149743.23,2020-11-21
20000 - SECRETARIA DA FAZENDA E PLANEJAMENTO,20065 - SAO PAULO PREVIDENCIA - SPPREV,202601 - SAO PAULO PREVIDENCIA - SPPREV,002 - RECURSOS VINCULADOS ESTADUAIS,17180251 - COTA-PARTE ROYALTIE-PART.ESPECIAL-PRINCIPAL,872764919.94,2020-11-21
20000 - SECRETARIA DA FAZENDA E PLANEJAMENTO,20065 - SAO PAULO PREVIDENCIA - SPPREV,202601 - SAO PAULO PREVIDENCIA - SPPREV,002 - RECURSOS VINCULADOS ESTADUAIS,17180261 - COTA-PARTE DO FUNDO ESPECIAL DO PETROLEO -FE,2143545.0,2020-11-21
20000 - SECRETARIA DA FAZENDA E PLANEJAMENTO,20065 - SAO PAULO PREVIDENCIA - SPPREV,202601 - SAO PAULO PREVIDENCIA - SPPREV,004 - REC.PROPRIO-ADM.IND.-DOT.INIC.CR.SUPL.,12180111 - CPSSS - SERVIDOR CIVIL  ATIVO - PRINCIPAL,2597508343.73,2020-11-21
20000 - SECRETARIA DA FAZENDA E PLANEJAMENTO,20065 - SAO PAULO PREVIDENCIA - SPPREV,202601 - SAO PAULO PREVIDENCIA - SPPREV,004 - REC.PROPRIO-ADM.IND.-DOT.INIC.CR.SUPL.,12180112 - CONTRIB.SERV.ATIVO CIVIL-RPPS - MULTAS/ JURO,2332.52,2020-11-21
20000 - SECRETARIA DA FAZENDA E PLANEJAMENTO,20065 - SAO PAULO PREVIDENCIA - SPPREV,202601 - SAO PAULO PREVIDENCIA - SPPREV,004 - REC.PROPRIO-ADM.IND.-DOT.INIC.CR.SUPL.,12180121 - CPSSS-SERV.CIVIL INATIVO - PRINCIPAL,843691557.11,2020-11-21
20000 - SECRETARIA DA FAZENDA E PLANEJAMENTO,20065 - SAO PAULO PREVIDENCIA - SPPREV,202601 - SAO PAULO PREVIDENCIA - SPPREV,004 - REC.PROPRIO-ADM.IND.-DOT.INIC.CR.SUPL.,12180131 - CPSSS-SERV.CIVIL PENSIONISTA - PRINCIPAL,217641738.01,2020-11-21
20000 - SECRETARIA DA FAZENDA E PLANEJAMENTO,20065 - SAO PAULO PREVIDENCIA - SPPREV,202601 - SAO PAULO PREVIDENCIA - SPPREV,004 - REC.PROPRIO-ADM.IND.-DOT.INIC.CR.SUPL.,12180141 - CPSSS DE SENT.JUDICIAIS-SERV.CIVIL ATIVO,83852499.04,2020-11-21
20000 - SECRETARIA DA FAZENDA E PLANEJAMENTO,20065 - SAO PAULO PREVIDENCIA - SPPREV,202601 - SAO PAULO PREVIDENCIA - SPPREV,004 - REC.PROPRIO-ADM.IND.-DOT.INIC.CR.SUPL.,12180511 - CONTRIBUICAO DO MILITAR ATIVO - PRINCIPAL,405325038.77,2020-11-21
20000 - SECRETARIA DA FAZENDA E PLANEJAMENTO,20065 - SAO PAULO PREVIDENCIA - SPPREV,202601 - SAO PAULO PREVIDENCIA - SPPREV,004 - REC.PROPRIO-ADM.IND.-DOT.INIC.CR.SUPL.,12180521 - CONTRIBUICAO DO MILITAR INATIVO - PRINCIPAL,437097576.63,2020-11-21
20000 - SECRETARIA DA FAZENDA E PLANEJAMENTO,20065 - SAO PAULO PREVIDENCIA - SPPREV,202601 - SAO PAULO PREVIDENCIA - SPPREV,004 - REC.PROPRIO-ADM.IND.-DOT.INIC.CR.SUPL.,12180531 - CONTRIB. DOS PENSIONIS. MILITARES - PRINCIPA,160033702.08,2020-11-21
20000 - SECRETARIA DA FAZENDA E PLANEJAMENTO,20065 - SAO PAULO PREVIDENCIA - SPPREV,202601 - SAO PAULO PREVIDENCIA - SPPREV,004 - REC.PROPRIO-ADM.IND.-DOT.INIC.CR.SUPL.,13100111 - ALUGUEIS E ARRENDAMENTOS - PRINCIPAL,25058.4,2020-11-21
20000 - SECRETARIA DA FAZENDA E PLANEJAMENTO,20065 - SAO PAULO PREVIDENCIA - SPPREV,202601 - SAO PAULO PREVIDENCIA - SPPREV,004 - REC.PROPRIO-ADM.IND.-DOT.INIC.CR.SUPL.,13210041 - REMUNERACAO RECURSOS RPPS-PRINCIPAL,3066790.67,2020-11-21
20000 - SECRETARIA DA FAZENDA E PLANEJAMENTO,20065 - SAO PAULO PREVIDENCIA - SPPREV,202601 - SAO PAULO PREVIDENCIA - SPPREV,004 - REC.PROPRIO-ADM.IND.-DOT.INIC.CR.SUPL.,13210061 - JUROS SOBRE O CAPITAL PROPRIO - PRINCIPAL,431950.23,2020-11-21
20000 - SECRETARIA DA FAZENDA E PLANEJAMENTO,20065 - SAO PAULO PREVIDENCIA - SPPREV,202601 - SAO PAULO PREVIDENCIA - SPPREV,004 - REC.PROPRIO-ADM.IND.-DOT.INIC.CR.SUPL.,19229911 - OUTRAS RESTITUIC,6956021.15,2020-11-21
20000 - SECRETARIA DA FAZENDA E PLANEJAMENTO,20065 - SAO PAULO PREVIDENCIA - SPPREV,202601 - SAO PAULO PREVIDENCIA - SPPREV,004 - REC.PROPRIO-ADM.IND.-DOT.INIC.CR.SUPL.,19280291 - OUTRAS RESTITUICOES-ESPECIF.E/DF/M-PRINCIPAL,644151.45,2020-11-21
20000 - SECRETARIA DA FAZENDA E PLANEJAMENTO,20065 - SAO PAULO PREVIDENCIA - SPPREV,202601 - SAO PAULO PREVIDENCIA - SPPREV,004 - REC.PROPRIO-ADM.IND.-DOT.INIC.CR.SUPL.,22200011 - ALIENACAO DE BENS IMOVEIS - PRINCIPAL,242107.24,2020-11-21
20000 - SECRETARIA DA FAZENDA E PLANEJAMENTO,20065 - SAO PAULO PREVIDENCIA - SPPREV,202601 - SAO PAULO PREVIDENCIA - SPPREV,004 - REC.PROPRIO-ADM.IND.-DOT.INIC.CR.SUPL.,72199931 - DEMAIS CONTRIBUICOES SOCIAIS - INSUFICIENCIA,178838766.82,2020-11-21
20000 - SECRETARIA DA FAZENDA E PLANEJAMENTO,20065 - SAO PAULO PREVIDENCIA - SPPREV,202601 - SAO PAULO PREVIDENCIA - SPPREV,005 - RECURSOS VINCULADOS FEDERAIS,19900311 - COMPENSACAO FIN. ENTRE RGPS E RPPS-PRINCIPAL,144907617.45,2020-11-21
20000 - SECRETARIA DA FAZENDA E PLANEJAMENTO,20065 - SAO PAULO PREVIDENCIA - SPPREV,202601 - SAO PAULO PREVIDENCIA - SPPREV,081 - TESOURO-DOT.INICIAL E CRED.SUPLEMENTAR-INTRA,72180311 - CPSSS PATRON-SERV.CIV.ATIVO - PRINCIPAL INTR,5130752373.55,2020-11-21
20000 - SECRETARIA DA FAZENDA E PLANEJAMENTO,20065 - SAO PAULO PREVIDENCIA - SPPREV,202601 - SAO PAULO PREVIDENCIA - SPPREV,081 - TESOURO-DOT.INICIAL E CRED.SUPLEMENTAR-INTRA,72180711 - CONTRIB.PATRONAL-MILITAR ATIVO-PRINC INTRA,98679059.46,2020-11-21
20000 - SECRETARIA DA FAZENDA E PLANEJAMENTO,20065 - SAO PAULO PREVIDENCIA - SPPREV,202601 - SAO PAULO PREVIDENCIA - SPPREV,081 - TESOURO-DOT.INICIAL E CRED.SUPLEMENTAR-INTRA,72199931 - DEMAIS CONTRIBUICOES SOCIAIS - INSUFICIENCIA,18675912719.62,2020-11-21
20000 - SECRETARIA DA FAZENDA E PLANEJAMENTO,20065 - SAO PAULO PREVIDENCIA - SPPREV,202601 - SAO PAULO PREVIDENCIA - SPPREV,082 - RECURSOS VINCULADOS ESTADUAIS-INTRA,72180311 - CPSSS PATRON-SERV.CIV.ATIVO - PRINCIPAL INTR,57599730.88,2020-11-21
20000 - SECRETARIA DA FAZENDA E PLANEJAMENTO,20065 - SAO PAULO PREVIDENCIA - SPPREV,202601 - SAO PAULO PREVIDENCIA - SPPREV,084 - REC.PROPRIO-ADM.IND.-DOT.INIC.CR.SUPL.-INTRA,72180311 - CPSSS PATRON-SERV.CIV.ATIVO - PRINCIPAL INTR,503989.62,2020-11-21
20000 - SECRETARIA DA FAZENDA E PLANEJAMENTO,20065 - SAO PAULO PREVIDENCIA - SPPREV,202601 - SAO PAULO PREVIDENCIA - SPPREV,085 - RECURSOS VINCULADOS FEDERAIS-INTRA,72199931 - DEMAIS CONTRIBUICOES SOCIAIS - INSUFICIENCIA,6196457.79,2020-11-21
20000 - SECRETARIA DA FAZENDA E PLANEJAMENTO,20065 - SAO PAULO PREVIDENCIA - SPPREV,202602 - SEC.FAZ. SPPREV - ADMINISTRACAO,004 - REC.PROPRIO-ADM.IND.-DOT.INIC.CR.SUPL.,13210041 - REMUNERACAO RECURSOS RPPS-PRINCIPAL,4953968.32,2020-11-21
20000 - SECRETARIA DA FAZENDA E PLANEJAMENTO,20065 - SAO PAULO PREVIDENCIA - SPPREV,202602 - SEC.FAZ. SPPREV - ADMINISTRACAO,004 - REC.PROPRIO-ADM.IND.-DOT.INIC.CR.SUPL.,16100111 - SERVICO ADMINISTRATIVO/COML.GERAL -PRINCIPAL,7911.4,2020-11-21
20000 - SECRETARIA DA FAZENDA E PLANEJAMENTO,20065 - SAO PAULO PREVIDENCIA - SPPREV,202602 - SEC.FAZ. SPPREV - ADMINISTRACAO,004 - REC.PROPRIO-ADM.IND.-DOT.INIC.CR.SUPL.,19280291 - OUTRAS RESTITUICOES-ESPECIF.E/DF/M-PRINCIPAL,16260859.49,2020-11-21
20000 - SECRETARIA DA FAZENDA E PLANEJAMENTO,20065 - SAO PAULO PREVIDENCIA - SPPREV,202602 - SEC.FAZ. SPPREV - ADMINISTRACAO,004 - REC.PROPRIO-ADM.IND.-DOT.INIC.CR.SUPL.,19901211 - ENCARGOS LEGAIS INSCR. DIV.ATIVA-PRINCIPAL,128065.34,2020-11-21
20000 - SECRETARIA DA FAZENDA E PLANEJAMENTO,20065 - SAO PAULO PREVIDENCIA - SPPREV,202602 - SEC.FAZ. SPPREV - ADMINISTRACAO,004 - REC.PROPRIO-ADM.IND.-DOT.INIC.CR.SUPL.,79220311 - RESTITUICAO BENEFICIOS PREV-PRINCIPAL INTRA,32564.69,2020-11-21
20000 - SECRETARIA DA FAZENDA E PLANEJAMENTO,20065 - SAO PAULO PREVIDENCIA - SPPREV,202602 - SEC.FAZ. SPPREV - ADMINISTRACAO,081 - TESOURO-DOT.INICIAL E CRED.SUPLEMENTAR-INTRA,76100111 - SERVICOS ADM/COM. GERAIS-PRINCIPAL INTRA,85052986.51,2020-11-21
20000 - SECRETARIA DA FAZENDA E PLANEJAMENTO,20065 - SAO PAULO PREVIDENCIA - SPPREV,202684 - SEC.FAZ. SAO PAULO PREVIDENCIA-SPPREV UGFRP,004 - REC.PROPRIO-ADM.IND.-DOT.INIC.CR.SUPL.,13210011 - REMUNERACAO  DEPOSITOS BANCARIOS - PRINCIPAL,0.0,2020-11-21
20000 - SECRETARIA DA FAZENDA E PLANEJAMENTO,20065 - SAO PAULO PREVIDENCIA - SPPREV,202684 - SEC.FAZ. SAO PAULO PREVIDENCIA-SPPREV UGFRP,004 - REC.PROPRIO-ADM.IND.-DOT.INIC.CR.SUPL.,16100111 - SERVICO ADMINISTRATIVO/COML.GERAL -PRINCIPAL,0.0,2020-11-21
20000 - SECRETARIA DA FAZENDA E PLANEJAMENTO,20065 - SAO PAULO PREVIDENCIA - SPPREV,202684 - SEC.FAZ. SAO PAULO PREVIDENCIA-SPPREV UGFRP,081 - TESOURO-DOT.INICIAL E CRED.SUPLEMENTAR-INTRA,13210011 - REMUNERACAO  DEPOSITOS BANCARIOS - PRINCIPAL,0.0,2020-11-21
21000 - ADMINISTRACAO GERAL DO ESTADO,00001 - GOVERNO DO ESTADO DE SAO PAULO,210002 - AGE - RECEITA ORCAMENTARIA,001 - TESOURO-DOT.INICIAL E CRED.SUPLEMENTAR,11130341 - IRRF-OUTROS RENDIMENTOS-PRINCIPAL,64834804.99,2020-11-21
21000 - ADMINISTRACAO GERAL DO ESTADO,00001 - GOVERNO DO ESTADO DE SAO PAULO,210002 - AGE - RECEITA ORCAMENTARIA,001 - TESOURO-DOT.INICIAL E CRED.SUPLEMENTAR,11180121 - IPVA - IMP. PROPR. VEIC. AUTOM  - PRINCIPAL,8046350602.6,2020-11-21
21000 - ADMINISTRACAO GERAL DO ESTADO,00001 - GOVERNO DO ESTADO DE SAO PAULO,210002 - AGE - RECEITA ORCAMENTARIA,001 - TESOURO-DOT.INICIAL E CRED.SUPLEMENTAR,11180122 - IPVA - MULTAS E  JUROS,8192.33,2020-11-21
21000 - ADMINISTRACAO GERAL DO ESTADO,00001 - GOVERNO DO ESTADO DE SAO PAULO,210002 - AGE - RECEITA ORCAMENTARIA,001 - TESOURO-DOT.INICIAL E CRED.SUPLEMENTAR,11180123 - IPVA - DIVIDA ATIVA,174151762.28,2020-11-21
21000 - ADMINISTRACAO GERAL DO ESTADO,00001 - GOVERNO DO ESTADO DE SAO PAULO,210002 - AGE - RECEITA ORCAMENTARIA,001 - TESOURO-DOT.INICIAL E CRED.SUPLEMENTAR,11180124 - IPVA - MULTA E JUROS-DIVIDA ATIVA,1415.35,2020-11-21
21000 - ADMINISTRACAO GERAL DO ESTADO,00001 - GOVERNO DO ESTADO DE SAO PAULO,210002 - AGE - RECEITA ORCAMENTARIA,001 - TESOURO-DOT.INICIAL E CRED.SUPLEMENTAR,11180131 - ITCMD-IMP.TRA.CAUSA MORTIS/DOACAO-PRINCIPAL,2329003039.7,2020-11-21
21000 - ADMINISTRACAO GERAL DO ESTADO,00001 - GOVERNO DO ESTADO DE SAO PAULO,210002 - AGE - RECEITA ORCAMENTARIA,001 - TESOURO-DOT.INICIAL E CRED.SUPLEMENTAR,11180132 - ITCMD - MULTAS E JUROS,172259080.33,2020-11-21
21000 - ADMINISTRACAO GERAL DO ESTADO,00001 - GOVERNO DO ESTADO DE SAO PAULO,210002 - AGE - RECEITA ORCAMENTARIA,001 - TESOURO-DOT.INICIAL E CRED.SUPLEMENTAR,11180133 - ITCMD - DIVIDA ATIVA,5477916.16,2020-11-21
21000 - ADMINISTRACAO GERAL DO ESTADO,00001 - GOVERNO DO ESTADO DE SAO PAULO,210002 - AGE - RECEITA ORCAMENTARIA,001 - TESOURO-DOT.INICIAL E CRED.SUPLEMENTAR,11180134 - ITCMD - DIVIDA ATIVA - MULTAS E JUROS,8532750.2,2020-11-21
21000 - ADMINISTRACAO GERAL DO ESTADO,00001 - GOVERNO DO ESTADO DE SAO PAULO,210002 - AGE - RECEITA ORCAMENTARIA,001 - TESOURO-DOT.INICIAL E CRED.SUPLEMENTAR,11180211 - ICMS - PRINCIPAL,90175906334.02,2020-11-21
21000 - ADMINISTRACAO GERAL DO ESTADO,00001 - GOVERNO DO ESTADO DE SAO PAULO,210002 - AGE - RECEITA ORCAMENTARIA,001 - TESOURO-DOT.INICIAL E CRED.SUPLEMENTAR,11180212 - ICMS - MULTAS E JUROS,634175371.87,2020-11-21
21000 - ADMINISTRACAO GERAL DO ESTADO,00001 - GOVERNO DO ESTADO DE SAO PAULO,210002 - AGE - RECEITA ORCAMENTARIA,001 - TESOURO-DOT.INICIAL E CRED.SUPLEMENTAR,11180213 - ICMS - DIVIDA ATIVA,946692332.13,2020-11-21
21000 - ADMINISTRACAO GERAL DO ESTADO,00001 - GOVERNO DO ESTADO DE SAO PAULO,210002 - AGE - RECEITA ORCAMENTARIA,001 - TESOURO-DOT.INICIAL E CRED.SUPLEMENTAR,11180214 - ICMS - DIVIDA ATIVA - MULTAS E JUROS,426354624.87,2020-11-21
21000 - ADMINISTRACAO GERAL DO ESTADO,00001 - GOVERNO DO ESTADO DE SAO PAULO,210002 - AGE - RECEITA ORCAMENTARIA,001 - TESOURO-DOT.INICIAL E CRED.SUPLEMENTAR,11180221 - ADIC. ICMS-FUNDO EST. COMB. POBREZA PRINCIPA,567528883.33,2020-11-21
21000 - ADMINISTRACAO GERAL DO ESTADO,00001 - GOVERNO DO ESTADO DE SAO PAULO,210002 - AGE - RECEITA ORCAMENTARIA,001 - TESOURO-DOT.INICIAL E CRED.SUPLEMENTAR,11180222 - ADIC.ICMS-FUNDO.EST.COMB.POBREZA MULTA /JURO,3207664.56,2020-11-21
21000 - ADMINISTRACAO GERAL DO ESTADO,00001 - GOVERNO DO ESTADO DE SAO PAULO,210002 - AGE - RECEITA ORCAMENTARIA,001 - TESOURO-DOT.INICIAL E CRED.SUPLEMENTAR,11180223 - ADIC.ICMS-FDO.EST.DE COMB.A POBREZA-DV ATIVA,57415.59,2020-11-21
21000 - ADMINISTRACAO GERAL DO ESTADO,00001 - GOVERNO DO ESTADO DE SAO PAULO,210002 - AGE - RECEITA ORCAMENTARIA,001 - TESOURO-DOT.INICIAL E CRED.SUPLEMENTAR,11220111 - TAXA PELA  PRESTACAO DE SERVICOS-PRINCIPAL,2822535501.77,2020-11-21
21000 - ADMINISTRACAO GERAL DO ESTADO,00001 - GOVERNO DO ESTADO DE SAO PAULO,210002 - AGE - RECEITA ORCAMENTARIA,001 - TESOURO-DOT.INICIAL E CRED.SUPLEMENTAR,11220113 - TAXAS PELA PRESTACAO DE SERVICOS-DIVIDA ATIV,721178.66,2020-11-21
21000 - ADMINISTRACAO GERAL DO ESTADO,00001 - GOVERNO DO ESTADO DE SAO PAULO,210002 - AGE - RECEITA ORCAMENTARIA,001 - TESOURO-DOT.INICIAL E CRED.SUPLEMENTAR,11220114 - TX PRESTACAO SERVICOS-DIV. ATIVA-MULTAS/JURO,187789.97,2020-11-21
21000 - ADMINISTRACAO GERAL DO ESTADO,00001 - GOVERNO DO ESTADO DE SAO PAULO,210002 - AGE - RECEITA ORCAMENTARIA,001 - TESOURO-DOT.INICIAL E CRED.SUPLEMENTAR,"11220211 - EMOLUMENTOS,CUSTAS JUDICIAIS - PRINCIPAL",0.0,2020-11-21
21000 - ADMINISTRACAO GERAL DO ESTADO,00001 - GOVERNO DO ESTADO DE SAO PAULO,210002 - AGE - RECEITA ORCAMENTARIA,001 - TESOURO-DOT.INICIAL E CRED.SUPLEMENTAR,11280111 - TAXA DE FISCALIZACAO DE VIGIL,3215649.12,2020-11-21
21000 - ADMINISTRACAO GERAL DO ESTADO,00001 - GOVERNO DO ESTADO DE SAO PAULO,210002 - AGE - RECEITA ORCAMENTARIA,001 - TESOURO-DOT.INICIAL E CRED.SUPLEMENTAR,11280211 - TAXAS JUDICIAIS,223942601.28,2020-11-21
21000 - ADMINISTRACAO GERAL DO ESTADO,00001 - GOVERNO DO ESTADO DE SAO PAULO,210002 - AGE - RECEITA ORCAMENTARIA,001 - TESOURO-DOT.INICIAL E CRED.SUPLEMENTAR,11280221 - TAXAS EXTRAJUDICIAIS,147948548.12,2020-11-21
21000 - ADMINISTRACAO GERAL DO ESTADO,00001 - GOVERNO DO ESTADO DE SAO PAULO,210002 - AGE - RECEITA ORCAMENTARIA,001 - TESOURO-DOT.INICIAL E CRED.SUPLEMENTAR,11389911 - OUTRAS CONTRIBUICOES DE MELHORIA,130.34,2020-11-21
21000 - ADMINISTRACAO GERAL DO ESTADO,00001 - GOVERNO DO ESTADO DE SAO PAULO,210002 - AGE - RECEITA ORCAMENTARIA,001 - TESOURO-DOT.INICIAL E CRED.SUPLEMENTAR,12199911 - DEMAIS CONTRIBUICOES SOCIAIS,21141.68,2020-11-21
21000 - ADMINISTRACAO GERAL DO ESTADO,00001 - GOVERNO DO ESTADO DE SAO PAULO,210002 - AGE - RECEITA ORCAMENTARIA,001 - TESOURO-DOT.INICIAL E CRED.SUPLEMENTAR,17180111 - COTA-PARTE FDO PARTICIPACAO  EST/DF-PRINCIPA,780603112.08,2020-11-21
21000 - ADMINISTRACAO GERAL DO ESTADO,00001 - GOVERNO DO ESTADO DE SAO PAULO,210002 - AGE - RECEITA ORCAMENTARIA,001 - TESOURO-DOT.INICIAL E CRED.SUPLEMENTAR,17180161 - COTA-PARTE IPI-ESTADO EXP.PROD.IND- PRINCIPA,679529407.57,2020-11-21
21000 - ADMINISTRACAO GERAL DO ESTADO,00001 - GOVERNO DO ESTADO DE SAO PAULO,210002 - AGE - RECEITA ORCAMENTARIA,001 - TESOURO-DOT.INICIAL E CRED.SUPLEMENTAR,17180181 - COTA-PARTE IOF-IMP.OPER.FINANCEIRA- PRINCIPA,637958.18,2020-11-21
21000 - ADMINISTRACAO GERAL DO ESTADO,00001 - GOVERNO DO ESTADO DE SAO PAULO,210002 - AGE - RECEITA ORCAMENTARIA,001 - TESOURO-DOT.INICIAL E CRED.SUPLEMENTAR,17189911 - OUTRAS TRANSFERENCIAS DA UNIAO - PRINCIPAL,7674072543.9,2020-11-21
21000 - ADMINISTRACAO GERAL DO ESTADO,00001 - GOVERNO DO ESTADO DE SAO PAULO,210002 - AGE - RECEITA ORCAMENTARIA,001 - TESOURO-DOT.INICIAL E CRED.SUPLEMENTAR,19100111 - MULTAS PREVISTAS LEG. ESPECIFICA-PRINCIPAL,9506913.61,2020-11-21
21000 - ADMINISTRACAO GERAL DO ESTADO,00001 - GOVERNO DO ESTADO DE SAO PAULO,210002 - AGE - RECEITA ORCAMENTARIA,001 - TESOURO-DOT.INICIAL E CRED.SUPLEMENTAR,19280291 - OUTRAS RESTITUICOES-ESPECIF.E/DF/M-PRINCIPAL,10845502.17,2020-11-21
21000 - ADMINISTRACAO GERAL DO ESTADO,00001 - GOVERNO DO ESTADO DE SAO PAULO,210002 - AGE - RECEITA ORCAMENTARIA,001 - TESOURO-DOT.INICIAL E CRED.SUPLEMENTAR,19280311 - RESSARCIMENTO-ESPECIF.E/DF/M-PRINCIPAL,4825073.0,2020-11-21
21000 - ADMINISTRACAO GERAL DO ESTADO,00001 - GOVERNO DO ESTADO DE SAO PAULO,210002 - AGE - RECEITA ORCAMENTARIA,001 - TESOURO-DOT.INICIAL E CRED.SUPLEMENTAR,19909911 - OUTRAS RECEITAS - PRIMARIAS - PRINCIPAL,24446496.91,2020-11-21
21000 - ADMINISTRACAO GERAL DO ESTADO,00001 - GOVERNO DO ESTADO DE SAO PAULO,210002 - AGE - RECEITA ORCAMENTARIA,001 - TESOURO-DOT.INICIAL E CRED.SUPLEMENTAR,19909913 - OUTRAS RECEITAS - PRIMARIAS - DIVIDA ATIVA,4011129.36,2020-11-21
21000 - ADMINISTRACAO GERAL DO ESTADO,00001 - GOVERNO DO ESTADO DE SAO PAULO,210002 - AGE - RECEITA ORCAMENTARIA,001 - TESOURO-DOT.INICIAL E CRED.SUPLEMENTAR,19909914 - OUTRAS REC-PRIMARIAS-DIV.ATIVA-MULTAS/JUROS,35521.48,2020-11-21
21000 - ADMINISTRACAO GERAL DO ESTADO,00001 - GOVERNO DO ESTADO DE SAO PAULO,210002 - AGE - RECEITA ORCAMENTARIA,001 - TESOURO-DOT.INICIAL E CRED.SUPLEMENTAR,29900011 - DEMAIS RECEITAS DE CAPITAL - PRINCIPAL,304227814.3,2020-11-21
21000 - ADMINISTRACAO GERAL DO ESTADO,00001 - GOVERNO DO ESTADO DE SAO PAULO,210002 - AGE - RECEITA ORCAMENTARIA,002 - RECURSOS VINCULADOS ESTADUAIS,11180121 - IPVA - IMP. PROPR. VEIC. AUTOM  - PRINCIPAL,8046350602.6,2020-11-21
21000 - ADMINISTRACAO GERAL DO ESTADO,00001 - GOVERNO DO ESTADO DE SAO PAULO,210002 - AGE - RECEITA ORCAMENTARIA,002 - RECURSOS VINCULADOS ESTADUAIS,11180122 - IPVA - MULTAS E  JUROS,8192.3,2020-11-21
21000 - ADMINISTRACAO GERAL DO ESTADO,00001 - GOVERNO DO ESTADO DE SAO PAULO,210002 - AGE - RECEITA ORCAMENTARIA,002 - RECURSOS VINCULADOS ESTADUAIS,11180123 - IPVA - DIVIDA ATIVA,174151762.06,2020-11-21
21000 - ADMINISTRACAO GERAL DO ESTADO,00001 - GOVERNO DO ESTADO DE SAO PAULO,210002 - AGE - RECEITA ORCAMENTARIA,002 - RECURSOS VINCULADOS ESTADUAIS,11180124 - IPVA - MULTA E JUROS-DIVIDA ATIVA,1415.39,2020-11-21
21000 - ADMINISTRACAO GERAL DO ESTADO,00001 - GOVERNO DO ESTADO DE SAO PAULO,210002 - AGE - RECEITA ORCAMENTARIA,002 - RECURSOS VINCULADOS ESTADUAIS,11180211 - ICMS - PRINCIPAL,30058644971.15,2020-11-21
21000 - ADMINISTRACAO GERAL DO ESTADO,00001 - GOVERNO DO ESTADO DE SAO PAULO,210002 - AGE - RECEITA ORCAMENTARIA,002 - RECURSOS VINCULADOS ESTADUAIS,11180212 - ICMS - MULTAS E JUROS,211397120.82,2020-11-21
21000 - ADMINISTRACAO GERAL DO ESTADO,00001 - GOVERNO DO ESTADO DE SAO PAULO,210002 - AGE - RECEITA ORCAMENTARIA,002 - RECURSOS VINCULADOS ESTADUAIS,11180213 - ICMS - DIVIDA ATIVA,315564111.03,2020-11-21
21000 - ADMINISTRACAO GERAL DO ESTADO,00001 - GOVERNO DO ESTADO DE SAO PAULO,210002 - AGE - RECEITA ORCAMENTARIA,002 - RECURSOS VINCULADOS ESTADUAIS,11180214 - ICMS - DIVIDA ATIVA - MULTAS E JUROS,142118633.63,2020-11-21
21000 - ADMINISTRACAO GERAL DO ESTADO,00001 - GOVERNO DO ESTADO DE SAO PAULO,210002 - AGE - RECEITA ORCAMENTARIA,002 - RECURSOS VINCULADOS ESTADUAIS,11220111 - TAXA PELA  PRESTACAO DE SERVICOS-PRINCIPAL,33571572.28,2020-11-21
21000 - ADMINISTRACAO GERAL DO ESTADO,00001 - GOVERNO DO ESTADO DE SAO PAULO,210002 - AGE - RECEITA ORCAMENTARIA,002 - RECURSOS VINCULADOS ESTADUAIS,11220113 - TAXAS PELA PRESTACAO DE SERVICOS-DIVIDA ATIV,3219716.98,2020-11-21
21000 - ADMINISTRACAO GERAL DO ESTADO,00001 - GOVERNO DO ESTADO DE SAO PAULO,210002 - AGE - RECEITA ORCAMENTARIA,002 - RECURSOS VINCULADOS ESTADUAIS,11220114 - TX PRESTACAO SERVICOS-DIV. ATIVA-MULTAS/JURO,695104.95,2020-11-21
21000 - ADMINISTRACAO GERAL DO ESTADO,00001 - GOVERNO DO ESTADO DE SAO PAULO,210002 - AGE - RECEITA ORCAMENTARIA,002 - RECURSOS VINCULADOS ESTADUAIS,"11220211 - EMOLUMENTOS,CUSTAS JUDICIAIS - PRINCIPAL",0.0,2020-11-21
21000 - ADMINISTRACAO GERAL DO ESTADO,00001 - GOVERNO DO ESTADO DE SAO PAULO,210002 - AGE - RECEITA ORCAMENTARIA,002 - RECURSOS VINCULADOS ESTADUAIS,11280211 - TAXAS JUDICIAIS,787144967.07,2020-11-21
21000 - ADMINISTRACAO GERAL DO ESTADO,00001 - GOVERNO DO ESTADO DE SAO PAULO,210002 - AGE - RECEITA ORCAMENTARIA,002 - RECURSOS VINCULADOS ESTADUAIS,11280221 - TAXAS EXTRAJUDICIAIS,650990672.68,2020-11-21
21000 - ADMINISTRACAO GERAL DO ESTADO,00001 - GOVERNO DO ESTADO DE SAO PAULO,210002 - AGE - RECEITA ORCAMENTARIA,002 - RECURSOS VINCULADOS ESTADUAIS,12109911 - OUTRAS CONTRIBUIC,0.0,2020-11-21
21000 - ADMINISTRACAO GERAL DO ESTADO,00001 - GOVERNO DO ESTADO DE SAO PAULO,210002 - AGE - RECEITA ORCAMENTARIA,002 - RECURSOS VINCULADOS ESTADUAIS,12199911 - DEMAIS CONTRIBUICOES SOCIAIS,17012288.66,2020-11-21
21000 - ADMINISTRACAO GERAL DO ESTADO,00001 - GOVERNO DO ESTADO DE SAO PAULO,210002 - AGE - RECEITA ORCAMENTARIA,002 - RECURSOS VINCULADOS ESTADUAIS,16909911 - OUTROS SERVICOS - PRINCIPAL,15192264.98,2020-11-21
21000 - ADMINISTRACAO GERAL DO ESTADO,00001 - GOVERNO DO ESTADO DE SAO PAULO,210002 - AGE - RECEITA ORCAMENTARIA,002 - RECURSOS VINCULADOS ESTADUAIS,17180161 - COTA-PARTE IPI-ESTADO EXP.PROD.IND- PRINCIPA,226509802.54,2020-11-21
21000 - ADMINISTRACAO GERAL DO ESTADO,00001 - GOVERNO DO ESTADO DE SAO PAULO,210002 - AGE - RECEITA ORCAMENTARIA,002 - RECURSOS VINCULADOS ESTADUAIS,19100111 - MULTAS PREVISTAS LEG. ESPECIFICA-PRINCIPAL,41083015.57,2020-11-21
21000 - ADMINISTRACAO GERAL DO ESTADO,00001 - GOVERNO DO ESTADO DE SAO PAULO,210002 - AGE - RECEITA ORCAMENTARIA,002 - RECURSOS VINCULADOS ESTADUAIS,19280311 - RESSARCIMENTO-ESPECIF.E/DF/M-PRINCIPAL,1008878.9,2020-11-21
21000 - ADMINISTRACAO GERAL DO ESTADO,00001 - GOVERNO DO ESTADO DE SAO PAULO,210002 - AGE - RECEITA ORCAMENTARIA,002 - RECURSOS VINCULADOS ESTADUAIS,19909913 - OUTRAS RECEITAS - PRIMARIAS - DIVIDA ATIVA,1667017.98,2020-11-21
21000 - ADMINISTRACAO GERAL DO ESTADO,00001 - GOVERNO DO ESTADO DE SAO PAULO,210002 - AGE - RECEITA ORCAMENTARIA,002 - RECURSOS VINCULADOS ESTADUAIS,19909914 - OUTRAS REC-PRIMARIAS-DIV.ATIVA-MULTAS/JUROS,596588.55,2020-11-21
21000 - ADMINISTRACAO GERAL DO ESTADO,00001 - GOVERNO DO ESTADO DE SAO PAULO,210002 - AGE - RECEITA ORCAMENTARIA,003 - RECURSOS VINCULADOS-FUNDO ESPECIAL DE DESPES,11220111 - TAXA PELA  PRESTACAO DE SERVICOS-PRINCIPAL,20332659.77,2020-11-21
21000 - ADMINISTRACAO GERAL DO ESTADO,00001 - GOVERNO DO ESTADO DE SAO PAULO,210002 - AGE - RECEITA ORCAMENTARIA,003 - RECURSOS VINCULADOS-FUNDO ESPECIAL DE DESPES,16100111 - SERVICO ADMINISTRATIVO/COML.GERAL -PRINCIPAL,1610524.14,2020-11-21
21000 - ADMINISTRACAO GERAL DO ESTADO,00001 - GOVERNO DO ESTADO DE SAO PAULO,210002 - AGE - RECEITA ORCAMENTARIA,003 - RECURSOS VINCULADOS-FUNDO ESPECIAL DE DESPES,19100111 - MULTAS PREVISTAS LEG. ESPECIFICA-PRINCIPAL,781539.55,2020-11-21
21000 - ADMINISTRACAO GERAL DO ESTADO,00001 - GOVERNO DO ESTADO DE SAO PAULO,210002 - AGE - RECEITA ORCAMENTARIA,003 - RECURSOS VINCULADOS-FUNDO ESPECIAL DE DESPES,19100811 - MULTAS DECORRENTES SENTENCAS JUD-PRINCIPAL,496193.9,2020-11-21
21000 - ADMINISTRACAO GERAL DO ESTADO,00001 - GOVERNO DO ESTADO DE SAO PAULO,210002 - AGE - RECEITA ORCAMENTARIA,003 - RECURSOS VINCULADOS-FUNDO ESPECIAL DE DESPES,19901211 - ENCARGOS LEGAIS INSCR. DIV.ATIVA-PRINCIPAL,109943053.16,2020-11-21
21000 - ADMINISTRACAO GERAL DO ESTADO,00001 - GOVERNO DO ESTADO DE SAO PAULO,210002 - AGE - RECEITA ORCAMENTARIA,003 - RECURSOS VINCULADOS-FUNDO ESPECIAL DE DESPES,19909913 - OUTRAS RECEITAS - PRIMARIAS - DIVIDA ATIVA,5162823.86,2020-11-21
21000 - ADMINISTRACAO GERAL DO ESTADO,00001 - GOVERNO DO ESTADO DE SAO PAULO,210002 - AGE - RECEITA ORCAMENTARIA,005 - RECURSOS VINCULADOS FEDERAIS,13210011 - REMUNERACAO  DEPOSITOS BANCARIOS - PRINCIPAL,1664440.2,2020-11-21
21000 - ADMINISTRACAO GERAL DO ESTADO,00001 - GOVERNO DO ESTADO DE SAO PAULO,210002 - AGE - RECEITA ORCAMENTARIA,005 - RECURSOS VINCULADOS FEDERAIS,17180171 - COTA-PARTE CIDE-CONT.INTERV. DOM.ECON.-PRINC,30488047.28,2020-11-21
21000 - ADMINISTRACAO GERAL DO ESTADO,00001 - GOVERNO DO ESTADO DE SAO PAULO,210002 - AGE - RECEITA ORCAMENTARIA,006 - OUTRAS FONTES DE RECURSOS,19909911 - OUTRAS RECEITAS - PRIMARIAS - PRINCIPAL,507790445.23,2020-11-21
21000 - ADMINISTRACAO GERAL DO ESTADO,00001 - GOVERNO DO ESTADO DE SAO PAULO,210097 - ADMINISTRACAO GERAL DO ESTADO - FUNDES,081 - TESOURO-DOT.INICIAL E CRED.SUPLEMENTAR-INTRA,89900011 - DEMAIS RECEITAS DE CAPITAL-PRINCIPAL INTRA,32124307.74,2020-11-21
21000 - ADMINISTRACAO GERAL DO ESTADO,00001 - GOVERNO DO ESTADO DE SAO PAULO,210101 - ADM.SERVICO DA DIVIDA PUBLICA,081 - TESOURO-DOT.INICIAL E CRED.SUPLEMENTAR-INTRA,76380191 - OUTROS SERVICOS DE SAUDE-PRINCIPAL INTRA,33814741.01,2020-11-21
21000 - ADMINISTRACAO GERAL DO ESTADO,00001 - GOVERNO DO ESTADO DE SAO PAULO,210101 - ADM.SERVICO DA DIVIDA PUBLICA,081 - TESOURO-DOT.INICIAL E CRED.SUPLEMENTAR-INTRA,89900011 - DEMAIS RECEITAS DE CAPITAL-PRINCIPAL INTRA,38547095.55,2020-11-21
21000 - ADMINISTRACAO GERAL DO ESTADO,00001 - GOVERNO DO ESTADO DE SAO PAULO,210102 - ADM.ENCARGOS GERAIS DO ESTADO,001 - TESOURO-DOT.INICIAL E CRED.SUPLEMENTAR,16400111 - RETORNO OPERACOES/JUROS/ ENC.FIN.-PRINCIPAL,33649.87,2020-11-21
21000 - ADMINISTRACAO GERAL DO ESTADO,00001 - GOVERNO DO ESTADO DE SAO PAULO,210102 - ADM.ENCARGOS GERAIS DO ESTADO,001 - TESOURO-DOT.INICIAL E CRED.SUPLEMENTAR,23000611 - AMORTIZACAO EMPRESTIMO CONTRATUAL-PRINCIPAL,128012.46,2020-11-21
21000 - ADMINISTRACAO GERAL DO ESTADO,00001 - GOVERNO DO ESTADO DE SAO PAULO,210105 - ADM.DOS ENCARGOS GERAIS DE PESSOAL,001 - TESOURO-DOT.INICIAL E CRED.SUPLEMENTAR,11130311 - IRRF-IMP. RENDA RET. FTE-TRABALHO-PRINCIPAL,52927066.08,2020-11-21
21000 - ADMINISTRACAO GERAL DO ESTADO,00001 - GOVERNO DO ESTADO DE SAO PAULO,210105 - ADM.DOS ENCARGOS GERAIS DE PESSOAL,001 - TESOURO-DOT.INICIAL E CRED.SUPLEMENTAR,19909911 - OUTRAS RECEITAS - PRIMARIAS - PRINCIPAL,21816412.82,2020-11-21
21000 - ADMINISTRACAO GERAL DO ESTADO,00001 - GOVERNO DO ESTADO DE SAO PAULO,210105 - ADM.DOS ENCARGOS GERAIS DE PESSOAL,002 - RECURSOS VINCULADOS ESTADUAIS,12180111 - CPSSS - SERVIDOR CIVIL  ATIVO - PRINCIPAL,20480897.58,2020-11-21
23000 - SEC.DO EMPREGO E RELACOES DO TRABALHO,23045 - FUND. CENT. EDUC.REC. E ESPORTIVO TRAB.,231184 - FUND.CTO.EDUC.REC.ESP.TRABALHADOR - UGFRP,004 - REC.PROPRIO-ADM.IND.-DOT.INIC.CR.SUPL.,13210011 - REMUNERACAO  DEPOSITOS BANCARIOS - PRINCIPAL,5189.71,2020-11-21
25000 - SECRETARIA DA HABITACAO,00001 - GOVERNO DO ESTADO DE SAO PAULO,250101 - GABINETE DO SECRETARIO E ASSESSORIAS,001 - TESOURO-DOT.INICIAL E CRED.SUPLEMENTAR,19909911 - OUTRAS RECEITAS - PRIMARIAS - PRINCIPAL,481687.38,2020-11-21
25000 - SECRETARIA DA HABITACAO,00001 - GOVERNO DO ESTADO DE SAO PAULO,250101 - GABINETE DO SECRETARIO E ASSESSORIAS,002 - RECURSOS VINCULADOS ESTADUAIS,12180111 - CPSSS - SERVIDOR CIVIL  ATIVO - PRINCIPAL,43046.01,2020-11-21
25000 - SECRETARIA DA HABITACAO,00001 - GOVERNO DO ESTADO DE SAO PAULO,250101 - GABINETE DO SECRETARIO E ASSESSORIAS,002 - RECURSOS VINCULADOS ESTADUAIS,19220511 - RESTITUICAO DE CONTRIB.PREVID.COMPLEMENTARES,462.17,2020-11-21
26000 - SECRETARIA DE INFR. MEIO AMBIENTE,00001 - GOVERNO DO ESTADO DE SAO PAULO,260001 - SECRETARIA DE INFR. MEIO AMBIENTE,001 - TESOURO-DOT.INICIAL E CRED.SUPLEMENTAR,13210011 - REMUNERACAO  DEPOSITOS BANCARIOS - PRINCIPAL,52.7,2020-11-21
26000 - SECRETARIA DE INFR. MEIO AMBIENTE,00001 - GOVERNO DO ESTADO DE SAO PAULO,260001 - SECRETARIA DE INFR. MEIO AMBIENTE,001 - TESOURO-DOT.INICIAL E CRED.SUPLEMENTAR,19909911 - OUTRAS RECEITAS - PRIMARIAS - PRINCIPAL,196850.92,2020-11-21
26000 - SECRETARIA DE INFR. MEIO AMBIENTE,00001 - GOVERNO DO ESTADO DE SAO PAULO,260030 - FED PARA PRES.BIODIV.E DOS REC.NATURAIS-FPBR,003 - RECURSOS VINCULADOS-FUNDO ESPECIAL DE DESPES,11210411 - TAXA CONTROLE E FISCALIZ.AMBIENTAL-PRINCIPAL,45685779.78,2020-11-21
26000 - SECRETARIA DE INFR. MEIO AMBIENTE,00001 - GOVERNO DO ESTADO DE SAO PAULO,260030 - FED PARA PRES.BIODIV.E DOS REC.NATURAIS-FPBR,003 - RECURSOS VINCULADOS-FUNDO ESPECIAL DE DESPES,13210011 - REMUNERACAO  DEPOSITOS BANCARIOS - PRINCIPAL,30395733.92,2020-11-21
26000 - SECRETARIA DE INFR. MEIO AMBIENTE,00001 - GOVERNO DO ESTADO DE SAO PAULO,260030 - FED PARA PRES.BIODIV.E DOS REC.NATURAIS-FPBR,003 - RECURSOS VINCULADOS-FUNDO ESPECIAL DE DESPES,16909911 - OUTROS SERVICOS - PRINCIPAL,567032.33,2020-11-21
26000 - SECRETARIA DE INFR. MEIO AMBIENTE,00001 - GOVERNO DO ESTADO DE SAO PAULO,260030 - FED PARA PRES.BIODIV.E DOS REC.NATURAIS-FPBR,003 - RECURSOS VINCULADOS-FUNDO ESPECIAL DE DESPES,19100611 - MULTA ADM.POR DANOS AMBIENTAIS-PRINCIPAL,5030085.8,2020-11-21
26000 - SECRETARIA DE INFR. MEIO AMBIENTE,00001 - GOVERNO DO ESTADO DE SAO PAULO,260030 - FED PARA PRES.BIODIV.E DOS REC.NATURAIS-FPBR,003 - RECURSOS VINCULADOS-FUNDO ESPECIAL DE DESPES,19210111 - INDENIZACAO DANOS CAUSADOS A PATRIM.PUB-PRIN,18545838.16,2020-11-21
26000 - SECRETARIA DE INFR. MEIO AMBIENTE,00001 - GOVERNO DO ESTADO DE SAO PAULO,260030 - FED PARA PRES.BIODIV.E DOS REC.NATURAIS-FPBR,003 - RECURSOS VINCULADOS-FUNDO ESPECIAL DE DESPES,19280291 - OUTRAS RESTITUICOES-ESPECIF.E/DF/M-PRINCIPAL,16000000.0,2020-11-21
26000 - SECRETARIA DE INFR. MEIO AMBIENTE,00001 - GOVERNO DO ESTADO DE SAO PAULO,260030 - FED PARA PRES.BIODIV.E DOS REC.NATURAIS-FPBR,003 - RECURSOS VINCULADOS-FUNDO ESPECIAL DE DESPES,19909911 - OUTRAS RECEITAS - PRIMARIAS - PRINCIPAL,14559.83,2020-11-21
26000 - SECRETARIA DE INFR. MEIO AMBIENTE,00001 - GOVERNO DO ESTADO DE SAO PAULO,260030 - FED PARA PRES.BIODIV.E DOS REC.NATURAIS-FPBR,006 - OUTRAS FONTES DE RECURSOS,19909911 - OUTRAS RECEITAS - PRIMARIAS - PRINCIPAL,19582.09,2020-11-21
26000 - SECRETARIA DE INFR. MEIO AMBIENTE,00001 - GOVERNO DO ESTADO DE SAO PAULO,260030 - FED PARA PRES.BIODIV.E DOS REC.NATURAIS-FPBR,043 - F.E.D - CREDITO POR SUPERAVIT FINANCEIRO,13210011 - REMUNERACAO  DEPOSITOS BANCARIOS - PRINCIPAL,28.6,2020-11-21
26000 - SECRETARIA DE INFR. MEIO AMBIENTE,00001 - GOVERNO DO ESTADO DE SAO PAULO,260031 - FED DO GAB. DO SEC.DE INFR. E MEIO AMBIENTE,003 - RECURSOS VINCULADOS-FUNDO ESPECIAL DE DESPES,13100111 - ALUGUEIS E ARRENDAMENTOS - PRINCIPAL,1684886.64,2020-11-21
26000 - SECRETARIA DE INFR. MEIO AMBIENTE,00001 - GOVERNO DO ESTADO DE SAO PAULO,260031 - FED DO GAB. DO SEC.DE INFR. E MEIO AMBIENTE,003 - RECURSOS VINCULADOS-FUNDO ESPECIAL DE DESPES,13210011 - REMUNERACAO  DEPOSITOS BANCARIOS - PRINCIPAL,133857.01,2020-11-21
26000 - SECRETARIA DE INFR. MEIO AMBIENTE,00001 - GOVERNO DO ESTADO DE SAO PAULO,260031 - FED DO GAB. DO SEC.DE INFR. E MEIO AMBIENTE,003 - RECURSOS VINCULADOS-FUNDO ESPECIAL DE DESPES,16100111 - SERVICO ADMINISTRATIVO/COML.GERAL -PRINCIPAL,401.18,2020-11-21
26000 - SECRETARIA DE INFR. MEIO AMBIENTE,00001 - GOVERNO DO ESTADO DE SAO PAULO,260031 - FED DO GAB. DO SEC.DE INFR. E MEIO AMBIENTE,006 - OUTRAS FONTES DE RECURSOS,19909911 - OUTRAS RECEITAS - PRIMARIAS - PRINCIPAL,0.0,2020-11-21
26000 - SECRETARIA DE INFR. MEIO AMBIENTE,00001 - GOVERNO DO ESTADO DE SAO PAULO,260032 - INSTITUTO DE BOTANICA-IBT,003 - RECURSOS VINCULADOS-FUNDO ESPECIAL DE DESPES,13100111 - ALUGUEIS E ARRENDAMENTOS - PRINCIPAL,181561.33,2020-11-21
26000 - SECRETARIA DE INFR. MEIO AMBIENTE,00001 - GOVERNO DO ESTADO DE SAO PAULO,260032 - INSTITUTO DE BOTANICA-IBT,003 - RECURSOS VINCULADOS-FUNDO ESPECIAL DE DESPES,13210011 - REMUNERACAO  DEPOSITOS BANCARIOS - PRINCIPAL,9797.03,2020-11-21
26000 - SECRETARIA DE INFR. MEIO AMBIENTE,00001 - GOVERNO DO ESTADO DE SAO PAULO,260032 - INSTITUTO DE BOTANICA-IBT,003 - RECURSOS VINCULADOS-FUNDO ESPECIAL DE DESPES,14000011 - RECEITA AGROPECUARIA - PRINCIPAL,115.5,2020-11-21
26000 - SECRETARIA DE INFR. MEIO AMBIENTE,00001 - GOVERNO DO ESTADO DE SAO PAULO,260032 - INSTITUTO DE BOTANICA-IBT,003 - RECURSOS VINCULADOS-FUNDO ESPECIAL DE DESPES,16100111 - SERVICO ADMINISTRATIVO/COML.GERAL -PRINCIPAL,260883.0,2020-11-21
26000 - SECRETARIA DE INFR. MEIO AMBIENTE,00001 - GOVERNO DO ESTADO DE SAO PAULO,260032 - INSTITUTO DE BOTANICA-IBT,003 - RECURSOS VINCULADOS-FUNDO ESPECIAL DE DESPES,16909911 - OUTROS SERVICOS - PRINCIPAL,5579.0,2020-11-21
26000 - SECRETARIA DE INFR. MEIO AMBIENTE,00001 - GOVERNO DO ESTADO DE SAO PAULO,260032 - INSTITUTO DE BOTANICA-IBT,006 - OUTRAS FONTES DE RECURSOS,19909911 - OUTRAS RECEITAS - PRIMARIAS - PRINCIPAL,38965.51,2020-11-21
26000 - SECRETARIA DE INFR. MEIO AMBIENTE,00001 - GOVERNO DO ESTADO DE SAO PAULO,260032 - INSTITUTO DE BOTANICA-IBT,043 - F.E.D - CREDITO POR SUPERAVIT FINANCEIRO,13210011 - REMUNERACAO  DEPOSITOS BANCARIOS - PRINCIPAL,336.65,2020-11-21
26000 - SECRETARIA DE INFR. MEIO AMBIENTE,00001 - GOVERNO DO ESTADO DE SAO PAULO,260033 - INSTITUTO GEOLOGICO-IG,003 - RECURSOS VINCULADOS-FUNDO ESPECIAL DE DESPES,13109911 - OUTRAS RECEITAS IMOBILIARIAS - PRINCIPAL,5134949.2,2020-11-21
26000 - SECRETARIA DE INFR. MEIO AMBIENTE,00001 - GOVERNO DO ESTADO DE SAO PAULO,260033 - INSTITUTO GEOLOGICO-IG,003 - RECURSOS VINCULADOS-FUNDO ESPECIAL DE DESPES,13210011 - REMUNERACAO  DEPOSITOS BANCARIOS - PRINCIPAL,691154.15,2020-11-21
26000 - SECRETARIA DE INFR. MEIO AMBIENTE,00001 - GOVERNO DO ESTADO DE SAO PAULO,260033 - INSTITUTO GEOLOGICO-IG,003 - RECURSOS VINCULADOS-FUNDO ESPECIAL DE DESPES,16909911 - OUTROS SERVICOS - PRINCIPAL,287.0,2020-11-21
26000 - SECRETARIA DE INFR. MEIO AMBIENTE,00001 - GOVERNO DO ESTADO DE SAO PAULO,260034 - INSTITUTO FLORESTAL-IF,003 - RECURSOS VINCULADOS-FUNDO ESPECIAL DE DESPES,13210011 - REMUNERACAO  DEPOSITOS BANCARIOS - PRINCIPAL,17187.79,2020-11-21
26000 - SECRETARIA DE INFR. MEIO AMBIENTE,00001 - GOVERNO DO ESTADO DE SAO PAULO,260034 - INSTITUTO FLORESTAL-IF,003 - RECURSOS VINCULADOS-FUNDO ESPECIAL DE DESPES,16100111 - SERVICO ADMINISTRATIVO/COML.GERAL -PRINCIPAL,133.0,2020-11-21
26000 - SECRETARIA DE INFR. MEIO AMBIENTE,00001 - GOVERNO DO ESTADO DE SAO PAULO,260034 - INSTITUTO FLORESTAL-IF,003 - RECURSOS VINCULADOS-FUNDO ESPECIAL DE DESPES,19909911 - OUTRAS RECEITAS - PRIMARIAS - PRINCIPAL,867194.43,2020-11-21
26000 - SECRETARIA DE INFR. MEIO AMBIENTE,00001 - GOVERNO DO ESTADO DE SAO PAULO,260034 - INSTITUTO FLORESTAL-IF,006 - OUTRAS FONTES DE RECURSOS,19909911 - OUTRAS RECEITAS - PRIMARIAS - PRINCIPAL,0.0,2020-11-21
26000 - SECRETARIA DE INFR. MEIO AMBIENTE,00001 - GOVERNO DO ESTADO DE SAO PAULO,260034 - INSTITUTO FLORESTAL-IF,043 - F.E.D - CREDITO POR SUPERAVIT FINANCEIRO,13210011 - REMUNERACAO  DEPOSITOS BANCARIOS - PRINCIPAL,209.49,2020-11-21
26000 - SECRETARIA DE INFR. MEIO AMBIENTE,00001 - GOVERNO DO ESTADO DE SAO PAULO,260034 - INSTITUTO FLORESTAL-IF,084 - REC.PROPRIO-ADM.IND.-DOT.INIC.CR.SUPL.-INTRA,13210011 - REMUNERACAO  DEPOSITOS BANCARIOS - PRINCIPAL,57719.67,2020-11-21
26000 - SECRETARIA DE INFR. MEIO AMBIENTE,00001 - GOVERNO DO ESTADO DE SAO PAULO,260034 - INSTITUTO FLORESTAL-IF,084 - REC.PROPRIO-ADM.IND.-DOT.INIC.CR.SUPL.-INTRA,74000011 - RECEITA AGROPECUARIA - PRINCIPAL INTRAORCAME,3761699.99,2020-11-21
26000 - SECRETARIA DE INFR. MEIO AMBIENTE,00001 - GOVERNO DO ESTADO DE SAO PAULO,260101 - GABINETE DO SECRETARIO,001 - TESOURO-DOT.INICIAL E CRED.SUPLEMENTAR,11130341 - IRRF-OUTROS RENDIMENTOS-PRINCIPAL,135.0,2020-11-21
26000 - SECRETARIA DE INFR. MEIO AMBIENTE,00001 - GOVERNO DO ESTADO DE SAO PAULO,260101 - GABINETE DO SECRETARIO,001 - TESOURO-DOT.INICIAL E CRED.SUPLEMENTAR,16909911 - OUTROS SERVICOS - PRINCIPAL,98.3,2020-11-21
26000 - SECRETARIA DE INFR. MEIO AMBIENTE,00001 - GOVERNO DO ESTADO DE SAO PAULO,260101 - GABINETE DO SECRETARIO,002 - RECURSOS VINCULADOS ESTADUAIS,12180111 - CPSSS - SERVIDOR CIVIL  ATIVO - PRINCIPAL,2107412.05,2020-11-21
26000 - SECRETARIA DE INFR. MEIO AMBIENTE,00001 - GOVERNO DO ESTADO DE SAO PAULO,260101 - GABINETE DO SECRETARIO,002 - RECURSOS VINCULADOS ESTADUAIS,16909911 - OUTROS SERVICOS - PRINCIPAL,98363614.75,2020-11-21
26000 - SECRETARIA DE INFR. MEIO AMBIENTE,00001 - GOVERNO DO ESTADO DE SAO PAULO,260101 - GABINETE DO SECRETARIO,005 - RECURSOS VINCULADOS FEDERAIS,13210011 - REMUNERACAO  DEPOSITOS BANCARIOS - PRINCIPAL,146094.87,2020-11-21
26000 - SECRETARIA DE INFR. MEIO AMBIENTE,00001 - GOVERNO DO ESTADO DE SAO PAULO,260101 - GABINETE DO SECRETARIO,007 - OP.CRED.E CONTRIB.DO EXTERIOR-DOT.INIC.CR.SU,13210011 - REMUNERACAO  DEPOSITOS BANCARIOS - PRINCIPAL,562265.52,2020-11-21
26000 - SECRETARIA DE INFR. MEIO AMBIENTE,00001 - GOVERNO DO ESTADO DE SAO PAULO,260106 - INSTITUTO DE BOTANICA,001 - TESOURO-DOT.INICIAL E CRED.SUPLEMENTAR,11130311 - IRRF-IMP. RENDA RET. FTE-TRABALHO-PRINCIPAL,1587.14,2020-11-21
26000 - SECRETARIA DE INFR. MEIO AMBIENTE,00001 - GOVERNO DO ESTADO DE SAO PAULO,260107 - INSTITUTO GEOLOGICO,002 - RECURSOS VINCULADOS ESTADUAIS,16100111 - SERVICO ADMINISTRATIVO/COML.GERAL -PRINCIPAL,112000.0,2020-11-21
26000 - SECRETARIA DE INFR. MEIO AMBIENTE,00001 - GOVERNO DO ESTADO DE SAO PAULO,260108 - INSTITUTO FLORESTAL,001 - TESOURO-DOT.INICIAL E CRED.SUPLEMENTAR,11130341 - IRRF-OUTROS RENDIMENTOS-PRINCIPAL,400.0,2020-11-21
26000 - SECRETARIA DE INFR. MEIO AMBIENTE,00001 - GOVERNO DO ESTADO DE SAO PAULO,260114 - COORD. DE EDUCACAO AMBIENTAL,002 - RECURSOS VINCULADOS ESTADUAIS,13210011 - REMUNERACAO  DEPOSITOS BANCARIOS - PRINCIPAL,73349.58,2020-11-21
26000 - SECRETARIA DE INFR. MEIO AMBIENTE,00001 - GOVERNO DO ESTADO DE SAO PAULO,260114 - COORD. DE EDUCACAO AMBIENTAL,002 - RECURSOS VINCULADOS ESTADUAIS,19909911 - OUTRAS RECEITAS - PRIMARIAS - PRINCIPAL,353461.7,2020-11-21
26000 - SECRETARIA DE INFR. MEIO AMBIENTE,00001 - GOVERNO DO ESTADO DE SAO PAULO,260115 - COORD. DE PLANEJAMENTO AMBIENTAL,002 - RECURSOS VINCULADOS ESTADUAIS,13210011 - REMUNERACAO  DEPOSITOS BANCARIOS - PRINCIPAL,996.45,2020-11-21
26000 - SECRETARIA DE INFR. MEIO AMBIENTE,00001 - GOVERNO DO ESTADO DE SAO PAULO,260115 - COORD. DE PLANEJAMENTO AMBIENTAL,002 - RECURSOS VINCULADOS ESTADUAIS,19909911 - OUTRAS RECEITAS - PRIMARIAS - PRINCIPAL,3097.44,2020-11-21
26000 - SECRETARIA DE INFR. MEIO AMBIENTE,00001 - GOVERNO DO ESTADO DE SAO PAULO,260119 - UN.GESTAO LOCAL PROJ.DES.RURAL SUST.,007 - OP.CRED.E CONTRIB.DO EXTERIOR-DOT.INIC.CR.SU,13210011 - REMUNERACAO  DEPOSITOS BANCARIOS - PRINCIPAL,31059.28,2020-11-21
26000 - SECRETARIA DE INFR. MEIO AMBIENTE,00001 - GOVERNO DO ESTADO DE SAO PAULO,"260124 - COORD. DE ADMINISTRACAO,CONTRATOS E CONVENIO",001 - TESOURO-DOT.INICIAL E CRED.SUPLEMENTAR,11130341 - IRRF-OUTROS RENDIMENTOS-PRINCIPAL,134.76,2020-11-21
26000 - SECRETARIA DE INFR. MEIO AMBIENTE,00001 - GOVERNO DO ESTADO DE SAO PAULO,260129 - COORDENADORIA DE RECURSOS HIDRICOS,005 - RECURSOS VINCULADOS FEDERAIS,13210011 - REMUNERACAO  DEPOSITOS BANCARIOS - PRINCIPAL,44496.78,2020-11-21
26000 - SECRETARIA DE INFR. MEIO AMBIENTE,00001 - GOVERNO DO ESTADO DE SAO PAULO,260129 - COORDENADORIA DE RECURSOS HIDRICOS,005 - RECURSOS VINCULADOS FEDERAIS,17181091 - OUTRAS TRANSF.CONVENIOS UNIAO - PRINCIPAL,500000.0,2020-11-21
26000 - SECRETARIA DE INFR. MEIO AMBIENTE,00001 - GOVERNO DO ESTADO DE SAO PAULO,260129 - COORDENADORIA DE RECURSOS HIDRICOS,005 - RECURSOS VINCULADOS FEDERAIS,24181091 - OUTRAS TRANSF.CONVENIOS DA UNIAO-PRINCIPAL,1408170.0,2020-11-21
26000 - SECRETARIA DE INFR. MEIO AMBIENTE,00001 - GOVERNO DO ESTADO DE SAO PAULO,260130 - COORD. DE FISCALIZACAO E BIODIVERSIDADE,001 - TESOURO-DOT.INICIAL E CRED.SUPLEMENTAR,11130341 - IRRF-OUTROS RENDIMENTOS-PRINCIPAL,159.12,2020-11-21
26000 - SECRETARIA DE INFR. MEIO AMBIENTE,00001 - GOVERNO DO ESTADO DE SAO PAULO,260131 - COORDENADORIA DE PARQUES E PARCERIAS,001 - TESOURO-DOT.INICIAL E CRED.SUPLEMENTAR,11130341 - IRRF-OUTROS RENDIMENTOS-PRINCIPAL,7061.54,2020-11-21
26000 - SECRETARIA DE INFR. MEIO AMBIENTE,00001 - GOVERNO DO ESTADO DE SAO PAULO,260132 - UGP-DO PROG.DE SAN.AMB.DOS MAN. ALTO TIETE,005 - RECURSOS VINCULADOS FEDERAIS,13210011 - REMUNERACAO  DEPOSITOS BANCARIOS - PRINCIPAL,3230403.66,2020-11-21
26000 - SECRETARIA DE INFR. MEIO AMBIENTE,26045 - FUND. P/ CONSERV. E PROD. FLORESTAL DE SP,261101 - FUND.P/CONSERV.PROD.FLORESTAL DO EST.SP,004 - REC.PROPRIO-ADM.IND.-DOT.INIC.CR.SUPL.,13100111 - ALUGUEIS E ARRENDAMENTOS - PRINCIPAL,1411164.09,2020-11-21
26000 - SECRETARIA DE INFR. MEIO AMBIENTE,26045 - FUND. P/ CONSERV. E PROD. FLORESTAL DE SP,261101 - FUND.P/CONSERV.PROD.FLORESTAL DO EST.SP,004 - REC.PROPRIO-ADM.IND.-DOT.INIC.CR.SUPL.,13210011 - REMUNERACAO  DEPOSITOS BANCARIOS - PRINCIPAL,28610992.15,2020-11-21
26000 - SECRETARIA DE INFR. MEIO AMBIENTE,26045 - FUND. P/ CONSERV. E PROD. FLORESTAL DE SP,261101 - FUND.P/CONSERV.PROD.FLORESTAL DO EST.SP,004 - REC.PROPRIO-ADM.IND.-DOT.INIC.CR.SUPL.,13320111 - DELEG.EXPL. TRANSP.RODOV.SETOR PRIVADO-PRINC,138118.6,2020-11-21
26000 - SECRETARIA DE INFR. MEIO AMBIENTE,26045 - FUND. P/ CONSERV. E PROD. FLORESTAL DE SP,261101 - FUND.P/CONSERV.PROD.FLORESTAL DO EST.SP,004 - REC.PROPRIO-ADM.IND.-DOT.INIC.CR.SUPL.,14000011 - RECEITA AGROPECUARIA - PRINCIPAL,11867639.47,2020-11-21
26000 - SECRETARIA DE INFR. MEIO AMBIENTE,26045 - FUND. P/ CONSERV. E PROD. FLORESTAL DE SP,261101 - FUND.P/CONSERV.PROD.FLORESTAL DO EST.SP,004 - REC.PROPRIO-ADM.IND.-DOT.INIC.CR.SUPL.,16909911 - OUTROS SERVICOS - PRINCIPAL,26330648.12,2020-11-21
26000 - SECRETARIA DE INFR. MEIO AMBIENTE,26045 - FUND. P/ CONSERV. E PROD. FLORESTAL DE SP,261101 - FUND.P/CONSERV.PROD.FLORESTAL DO EST.SP,004 - REC.PROPRIO-ADM.IND.-DOT.INIC.CR.SUPL.,19280111 - INDENIZAC,750.0,2020-11-21
26000 - SECRETARIA DE INFR. MEIO AMBIENTE,26045 - FUND. P/ CONSERV. E PROD. FLORESTAL DE SP,261101 - FUND.P/CONSERV.PROD.FLORESTAL DO EST.SP,004 - REC.PROPRIO-ADM.IND.-DOT.INIC.CR.SUPL.,19280291 - OUTRAS RESTITUICOES-ESPECIF.E/DF/M-PRINCIPAL,16391.77,2020-11-21
26000 - SECRETARIA DE INFR. MEIO AMBIENTE,26045 - FUND. P/ CONSERV. E PROD. FLORESTAL DE SP,261101 - FUND.P/CONSERV.PROD.FLORESTAL DO EST.SP,004 - REC.PROPRIO-ADM.IND.-DOT.INIC.CR.SUPL.,19909911 - OUTRAS RECEITAS - PRIMARIAS - PRINCIPAL,8875.92,2020-11-21
26000 - SECRETARIA DE INFR. MEIO AMBIENTE,26045 - FUND. P/ CONSERV. E PROD. FLORESTAL DE SP,261101 - FUND.P/CONSERV.PROD.FLORESTAL DO EST.SP,006 - OUTRAS FONTES DE RECURSOS,19909911 - OUTRAS RECEITAS - PRIMARIAS - PRINCIPAL,336158.3,2020-11-21
26000 - SECRETARIA DE INFR. MEIO AMBIENTE,26045 - FUND. P/ CONSERV. E PROD. FLORESTAL DE SP,261101 - FUND.P/CONSERV.PROD.FLORESTAL DO EST.SP,047 - REC.OPERAC. DE CREDITO-P/SUPERAVIT FINANCEIR,13210011 - REMUNERACAO  DEPOSITOS BANCARIOS - PRINCIPAL,47.01,2020-11-21
26000 - SECRETARIA DE INFR. MEIO AMBIENTE,26045 - FUND. P/ CONSERV. E PROD. FLORESTAL DE SP,261101 - FUND.P/CONSERV.PROD.FLORESTAL DO EST.SP,083 - RECURSOS VINCULADOS-FUNDO ESP. DESPESA-INTRA,13210011 - REMUNERACAO  DEPOSITOS BANCARIOS - PRINCIPAL,58629.64,2020-11-21
26000 - SECRETARIA DE INFR. MEIO AMBIENTE,26045 - FUND. P/ CONSERV. E PROD. FLORESTAL DE SP,261101 - FUND.P/CONSERV.PROD.FLORESTAL DO EST.SP,083 - RECURSOS VINCULADOS-FUNDO ESP. DESPESA-INTRA,76909911 - OUTROS SERVICOS -PRINCIPAL INTRAORCAMENTARIA,28531196.93,2020-11-21
26000 - SECRETARIA DE INFR. MEIO AMBIENTE,26045 - FUND. P/ CONSERV. E PROD. FLORESTAL DE SP,261101 - FUND.P/CONSERV.PROD.FLORESTAL DO EST.SP,083 - RECURSOS VINCULADOS-FUNDO ESP. DESPESA-INTRA,89900011 - DEMAIS RECEITAS DE CAPITAL-PRINCIPAL INTRA,8191983.61,2020-11-21
26000 - SECRETARIA DE INFR. MEIO AMBIENTE,26045 - FUND. P/ CONSERV. E PROD. FLORESTAL DE SP,261102 - FUNDACAO FLORESTAL-SERRA DO MAR/MOSAICOS,007 - OP.CRED.E CONTRIB.DO EXTERIOR-DOT.INIC.CR.SU,13210011 - REMUNERACAO  DEPOSITOS BANCARIOS - PRINCIPAL,214810.51,2020-11-21
26000 - SECRETARIA DE INFR. MEIO AMBIENTE,26045 - FUND. P/ CONSERV. E PROD. FLORESTAL DE SP,261184 - FUND.CONS.PRODUCAO FLORESTAL SP. - UGFRP,083 - RECURSOS VINCULADOS-FUNDO ESP. DESPESA-INTRA,13210011 - REMUNERACAO  DEPOSITOS BANCARIOS - PRINCIPAL,0.0,2020-11-21
26000 - SECRETARIA DE INFR. MEIO AMBIENTE,26046 - FUNDACAO PARQUE ZOOLOGICO DE SAO PAULO,261201 - FUNDACAO PARQUE ZOOLOGICO DE SAO PAULO,001 - TESOURO-DOT.INICIAL E CRED.SUPLEMENTAR,19280291 - OUTRAS RESTITUICOES-ESPECIF.E/DF/M-PRINCIPAL,144.0,2020-11-21
26000 - SECRETARIA DE INFR. MEIO AMBIENTE,26046 - FUNDACAO PARQUE ZOOLOGICO DE SAO PAULO,261201 - FUNDACAO PARQUE ZOOLOGICO DE SAO PAULO,004 - REC.PROPRIO-ADM.IND.-DOT.INIC.CR.SUPL.,13100111 - ALUGUEIS E ARRENDAMENTOS - PRINCIPAL,1714035.43,2020-11-21
26000 - SECRETARIA DE INFR. MEIO AMBIENTE,26046 - FUNDACAO PARQUE ZOOLOGICO DE SAO PAULO,261201 - FUNDACAO PARQUE ZOOLOGICO DE SAO PAULO,004 - REC.PROPRIO-ADM.IND.-DOT.INIC.CR.SUPL.,13109911 - OUTRAS RECEITAS IMOBILIARIAS - PRINCIPAL,2107.44,2020-11-21
26000 - SECRETARIA DE INFR. MEIO AMBIENTE,26046 - FUNDACAO PARQUE ZOOLOGICO DE SAO PAULO,261201 - FUNDACAO PARQUE ZOOLOGICO DE SAO PAULO,004 - REC.PROPRIO-ADM.IND.-DOT.INIC.CR.SUPL.,13210011 - REMUNERACAO  DEPOSITOS BANCARIOS - PRINCIPAL,89149.98,2020-11-21
26000 - SECRETARIA DE INFR. MEIO AMBIENTE,26046 - FUNDACAO PARQUE ZOOLOGICO DE SAO PAULO,261201 - FUNDACAO PARQUE ZOOLOGICO DE SAO PAULO,004 - REC.PROPRIO-ADM.IND.-DOT.INIC.CR.SUPL.,14000011 - RECEITA AGROPECUARIA - PRINCIPAL,1142500.0,2020-11-21
26000 - SECRETARIA DE INFR. MEIO AMBIENTE,26046 - FUNDACAO PARQUE ZOOLOGICO DE SAO PAULO,261201 - FUNDACAO PARQUE ZOOLOGICO DE SAO PAULO,004 - REC.PROPRIO-ADM.IND.-DOT.INIC.CR.SUPL.,16100111 - SERVICO ADMINISTRATIVO/COML.GERAL -PRINCIPAL,13319137.12,2020-11-21
26000 - SECRETARIA DE INFR. MEIO AMBIENTE,26046 - FUNDACAO PARQUE ZOOLOGICO DE SAO PAULO,261201 - FUNDACAO PARQUE ZOOLOGICO DE SAO PAULO,004 - REC.PROPRIO-ADM.IND.-DOT.INIC.CR.SUPL.,19100111 - MULTAS PREVISTAS LEG. ESPECIFICA-PRINCIPAL,16482.55,2020-11-21
26000 - SECRETARIA DE INFR. MEIO AMBIENTE,26046 - FUNDACAO PARQUE ZOOLOGICO DE SAO PAULO,261201 - FUNDACAO PARQUE ZOOLOGICO DE SAO PAULO,004 - REC.PROPRIO-ADM.IND.-DOT.INIC.CR.SUPL.,19280291 - OUTRAS RESTITUICOES-ESPECIF.E/DF/M-PRINCIPAL,581716.47,2020-11-21
26000 - SECRETARIA DE INFR. MEIO AMBIENTE,26046 - FUNDACAO PARQUE ZOOLOGICO DE SAO PAULO,261201 - FUNDACAO PARQUE ZOOLOGICO DE SAO PAULO,006 - OUTRAS FONTES DE RECURSOS,19909911 - OUTRAS RECEITAS - PRIMARIAS - PRINCIPAL,1418759.08,2020-11-21
26000 - SECRETARIA DE INFR. MEIO AMBIENTE,26046 - FUNDACAO PARQUE ZOOLOGICO DE SAO PAULO,261201 - FUNDACAO PARQUE ZOOLOGICO DE SAO PAULO,044 - REC.PROP.ADM.IND-CRED.P/SUPERVAVIT FINANCEIR,19280291 - OUTRAS RESTITUICOES-ESPECIF.E/DF/M-PRINCIPAL,138.0,2020-11-21
26000 - SECRETARIA DE INFR. MEIO AMBIENTE,26046 - FUNDACAO PARQUE ZOOLOGICO DE SAO PAULO,261284 - FUNDACAO PARQUE ZOOLOGICO DE SAO PAULO-UGFRP,004 - REC.PROPRIO-ADM.IND.-DOT.INIC.CR.SUPL.,13210011 - REMUNERACAO  DEPOSITOS BANCARIOS - PRINCIPAL,0.0,2020-11-21
26000 - SECRETARIA DE INFR. MEIO AMBIENTE,26050 - DEPARTAMENTO DE AGUAS E ENERGIA ELETRICA,262101 - DEPARTAMENTO DE AGUAS E ENERGIA ELETRICA-DAE,002 - RECURSOS VINCULADOS ESTADUAIS,13210011 - REMUNERACAO  DEPOSITOS BANCARIOS - PRINCIPAL,9035.22,2020-11-21
26000 - SECRETARIA DE INFR. MEIO AMBIENTE,26050 - DEPARTAMENTO DE AGUAS E ENERGIA ELETRICA,262101 - DEPARTAMENTO DE AGUAS E ENERGIA ELETRICA-DAE,002 - RECURSOS VINCULADOS ESTADUAIS,19909913 - OUTRAS RECEITAS - PRIMARIAS - DIVIDA ATIVA,118756.52,2020-11-21
26000 - SECRETARIA DE INFR. MEIO AMBIENTE,26050 - DEPARTAMENTO DE AGUAS E ENERGIA ELETRICA,262101 - DEPARTAMENTO DE AGUAS E ENERGIA ELETRICA-DAE,002 - RECURSOS VINCULADOS ESTADUAIS,19909914 - OUTRAS REC-PRIMARIAS-DIV.ATIVA-MULTAS/JUROS,354829.77,2020-11-21
26000 - SECRETARIA DE INFR. MEIO AMBIENTE,26050 - DEPARTAMENTO DE AGUAS E ENERGIA ELETRICA,262101 - DEPARTAMENTO DE AGUAS E ENERGIA ELETRICA-DAE,004 - REC.PROPRIO-ADM.IND.-DOT.INIC.CR.SUPL.,13210011 - REMUNERACAO  DEPOSITOS BANCARIOS - PRINCIPAL,419328.25,2020-11-21
26000 - SECRETARIA DE INFR. MEIO AMBIENTE,26050 - DEPARTAMENTO DE AGUAS E ENERGIA ELETRICA,262101 - DEPARTAMENTO DE AGUAS E ENERGIA ELETRICA-DAE,004 - REC.PROPRIO-ADM.IND.-DOT.INIC.CR.SUPL.,13220011 - DIVIDENDOS - PRINCIPAL,80020.37,2020-11-21
26000 - SECRETARIA DE INFR. MEIO AMBIENTE,26050 - DEPARTAMENTO DE AGUAS E ENERGIA ELETRICA,262101 - DEPARTAMENTO DE AGUAS E ENERGIA ELETRICA-DAE,004 - REC.PROPRIO-ADM.IND.-DOT.INIC.CR.SUPL.,13450111 - OUTORGA DIREITO USO REC. HIDRICOS-PRINCIPAL,2462998.77,2020-11-21
26000 - SECRETARIA DE INFR. MEIO AMBIENTE,26050 - DEPARTAMENTO DE AGUAS E ENERGIA ELETRICA,262101 - DEPARTAMENTO DE AGUAS E ENERGIA ELETRICA-DAE,004 - REC.PROPRIO-ADM.IND.-DOT.INIC.CR.SUPL.,16909911 - OUTROS SERVICOS - PRINCIPAL,677622.96,2020-11-21
26000 - SECRETARIA DE INFR. MEIO AMBIENTE,26050 - DEPARTAMENTO DE AGUAS E ENERGIA ELETRICA,262101 - DEPARTAMENTO DE AGUAS E ENERGIA ELETRICA-DAE,004 - REC.PROPRIO-ADM.IND.-DOT.INIC.CR.SUPL.,19100111 - MULTAS PREVISTAS LEG. ESPECIFICA-PRINCIPAL,57.98,2020-11-21
26000 - SECRETARIA DE INFR. MEIO AMBIENTE,26050 - DEPARTAMENTO DE AGUAS E ENERGIA ELETRICA,262101 - DEPARTAMENTO DE AGUAS E ENERGIA ELETRICA-DAE,004 - REC.PROPRIO-ADM.IND.-DOT.INIC.CR.SUPL.,19280291 - OUTRAS RESTITUICOES-ESPECIF.E/DF/M-PRINCIPAL,8262.64,2020-11-21
26000 - SECRETARIA DE INFR. MEIO AMBIENTE,26050 - DEPARTAMENTO DE AGUAS E ENERGIA ELETRICA,262101 - DEPARTAMENTO DE AGUAS E ENERGIA ELETRICA-DAE,004 - REC.PROPRIO-ADM.IND.-DOT.INIC.CR.SUPL.,19909911 - OUTRAS RECEITAS - PRIMARIAS - PRINCIPAL,502644.52,2020-11-21
26000 - SECRETARIA DE INFR. MEIO AMBIENTE,26050 - DEPARTAMENTO DE AGUAS E ENERGIA ELETRICA,262101 - DEPARTAMENTO DE AGUAS E ENERGIA ELETRICA-DAE,004 - REC.PROPRIO-ADM.IND.-DOT.INIC.CR.SUPL.,22180121 - ALIENACAO INVESTIMENTOS PERMANENTES-PRINCIPA,399290.58,2020-11-21
26000 - SECRETARIA DE INFR. MEIO AMBIENTE,26050 - DEPARTAMENTO DE AGUAS E ENERGIA ELETRICA,262101 - DEPARTAMENTO DE AGUAS E ENERGIA ELETRICA-DAE,004 - REC.PROPRIO-ADM.IND.-DOT.INIC.CR.SUPL.,29900011 - DEMAIS RECEITAS DE CAPITAL - PRINCIPAL,9151983.45,2020-11-21
26000 - SECRETARIA DE INFR. MEIO AMBIENTE,26050 - DEPARTAMENTO DE AGUAS E ENERGIA ELETRICA,262101 - DEPARTAMENTO DE AGUAS E ENERGIA ELETRICA-DAE,006 - OUTRAS FONTES DE RECURSOS,19909911 - OUTRAS RECEITAS - PRIMARIAS - PRINCIPAL,7862220.98,2020-11-21
26000 - SECRETARIA DE INFR. MEIO AMBIENTE,26050 - DEPARTAMENTO DE AGUAS E ENERGIA ELETRICA,262101 - DEPARTAMENTO DE AGUAS E ENERGIA ELETRICA-DAE,007 - OP.CRED.E CONTRIB.DO EXTERIOR-DOT.INIC.CR.SU,13210011 - REMUNERACAO  DEPOSITOS BANCARIOS - PRINCIPAL,1523.26,2020-11-21
26000 - SECRETARIA DE INFR. MEIO AMBIENTE,26050 - DEPARTAMENTO DE AGUAS E ENERGIA ELETRICA,262101 - DEPARTAMENTO DE AGUAS E ENERGIA ELETRICA-DAE,042 - REC.VINC.ESTADUAIS-CRED.SUPERAVIT FINANCEIRO,13210011 - REMUNERACAO  DEPOSITOS BANCARIOS - PRINCIPAL,0.0,2020-11-21
26000 - SECRETARIA DE INFR. MEIO AMBIENTE,26050 - DEPARTAMENTO DE AGUAS E ENERGIA ELETRICA,262101 - DEPARTAMENTO DE AGUAS E ENERGIA ELETRICA-DAE,044 - REC.PROP.ADM.IND-CRED.P/SUPERVAVIT FINANCEIR,13210011 - REMUNERACAO  DEPOSITOS BANCARIOS - PRINCIPAL,0.0,2020-11-21
26000 - SECRETARIA DE INFR. MEIO AMBIENTE,26050 - DEPARTAMENTO DE AGUAS E ENERGIA ELETRICA,262102 - DAEE - PROGRAMA PARQUE VARZEAS DO TIETE,007 - OP.CRED.E CONTRIB.DO EXTERIOR-DOT.INIC.CR.SU,13210011 - REMUNERACAO  DEPOSITOS BANCARIOS - PRINCIPAL,393148.78,2020-11-21
26000 - SECRETARIA DE INFR. MEIO AMBIENTE,26050 - DEPARTAMENTO DE AGUAS E ENERGIA ELETRICA,262103 - DAEE-UN.GERENCIAMENTO DE PROJETOS UGPBG-PCJ,006 - OUTRAS FONTES DE RECURSOS,19909911 - OUTRAS RECEITAS - PRIMARIAS - PRINCIPAL,6953975.79,2020-11-21
26000 - SECRETARIA DE INFR. MEIO AMBIENTE,26050 - DEPARTAMENTO DE AGUAS E ENERGIA ELETRICA,262103 - DAEE-UN.GERENCIAMENTO DE PROJETOS UGPBG-PCJ,007 - OP.CRED.E CONTRIB.DO EXTERIOR-DOT.INIC.CR.SU,13210011 - REMUNERACAO  DEPOSITOS BANCARIOS - PRINCIPAL,1401923.79,2020-11-21
26000 - SECRETARIA DE INFR. MEIO AMBIENTE,26097 - CETESB-COMPANHIA AMBIENTAL DO EST.DE S.PAULO,263101 - CETESB-CIA.AMBIENTAL DO ESTADO DE S.PAULO,002 - RECURSOS VINCULADOS ESTADUAIS,19100611 - MULTA ADM.POR DANOS AMBIENTAIS-PRINCIPAL,4303782.0,2020-11-21
26000 - SECRETARIA DE INFR. MEIO AMBIENTE,26097 - CETESB-COMPANHIA AMBIENTAL DO EST.DE S.PAULO,263101 - CETESB-CIA.AMBIENTAL DO ESTADO DE S.PAULO,002 - RECURSOS VINCULADOS ESTADUAIS,19909913 - OUTRAS RECEITAS - PRIMARIAS - DIVIDA ATIVA,7101609.35,2020-11-21
26000 - SECRETARIA DE INFR. MEIO AMBIENTE,26097 - CETESB-COMPANHIA AMBIENTAL DO EST.DE S.PAULO,263101 - CETESB-CIA.AMBIENTAL DO ESTADO DE S.PAULO,004 - REC.PROPRIO-ADM.IND.-DOT.INIC.CR.SUPL.,13210011 - REMUNERACAO  DEPOSITOS BANCARIOS - PRINCIPAL,382711.0,2020-11-21
26000 - SECRETARIA DE INFR. MEIO AMBIENTE,26097 - CETESB-COMPANHIA AMBIENTAL DO EST.DE S.PAULO,263101 - CETESB-CIA.AMBIENTAL DO ESTADO DE S.PAULO,004 - REC.PROPRIO-ADM.IND.-DOT.INIC.CR.SUPL.,16909911 - OUTROS SERVICOS - PRINCIPAL,144959723.0,2020-11-21
26000 - SECRETARIA DE INFR. MEIO AMBIENTE,26097 - CETESB-COMPANHIA AMBIENTAL DO EST.DE S.PAULO,263101 - CETESB-CIA.AMBIENTAL DO ESTADO DE S.PAULO,004 - REC.PROPRIO-ADM.IND.-DOT.INIC.CR.SUPL.,19100611 - MULTA ADM.POR DANOS AMBIENTAIS-PRINCIPAL,24024938.0,2020-11-21
26000 - SECRETARIA DE INFR. MEIO AMBIENTE,26097 - CETESB-COMPANHIA AMBIENTAL DO EST.DE S.PAULO,263101 - CETESB-CIA.AMBIENTAL DO ESTADO DE S.PAULO,004 - REC.PROPRIO-ADM.IND.-DOT.INIC.CR.SUPL.,19909911 - OUTRAS RECEITAS - PRIMARIAS - PRINCIPAL,15289363.0,2020-11-21
26000 - SECRETARIA DE INFR. MEIO AMBIENTE,26097 - CETESB-COMPANHIA AMBIENTAL DO EST.DE S.PAULO,263101 - CETESB-CIA.AMBIENTAL DO ESTADO DE S.PAULO,083 - RECURSOS VINCULADOS-FUNDO ESP. DESPESA-INTRA,76909911 - OUTROS SERVICOS -PRINCIPAL INTRAORCAMENTARIA,11418617.0,2020-11-21
27000 - MINISTERIO PUBLICO,00001 - GOVERNO DO ESTADO DE SAO PAULO,270001 - MINISTERIO PUBLICO,001 - TESOURO-DOT.INICIAL E CRED.SUPLEMENTAR,11130311 - IRRF-IMP. RENDA RET. FTE-TRABALHO-PRINCIPAL,229043972.17,2020-11-21
27000 - MINISTERIO PUBLICO,00001 - GOVERNO DO ESTADO DE SAO PAULO,270001 - MINISTERIO PUBLICO,001 - TESOURO-DOT.INICIAL E CRED.SUPLEMENTAR,19909911 - OUTRAS RECEITAS - PRIMARIAS - PRINCIPAL,2321472.99,2020-11-21
27000 - MINISTERIO PUBLICO,00001 - GOVERNO DO ESTADO DE SAO PAULO,270001 - MINISTERIO PUBLICO,003 - RECURSOS VINCULADOS-FUNDO ESPECIAL DE DESPES,13210011 - REMUNERACAO  DEPOSITOS BANCARIOS - PRINCIPAL,12.85,2020-11-21
27000 - MINISTERIO PUBLICO,00001 - GOVERNO DO ESTADO DE SAO PAULO,270001 - MINISTERIO PUBLICO,003 - RECURSOS VINCULADOS-FUNDO ESPECIAL DE DESPES,19901211 - ENCARGOS LEGAIS INSCR. DIV.ATIVA-PRINCIPAL,2399.06,2020-11-21
27000 - MINISTERIO PUBLICO,00001 - GOVERNO DO ESTADO DE SAO PAULO,270030 - FED-CONCURSO INGR.CARR.MINIST.PUBLICO,003 - RECURSOS VINCULADOS-FUNDO ESPECIAL DE DESPES,13210011 - REMUNERACAO  DEPOSITOS BANCARIOS - PRINCIPAL,65370.34,2020-11-21
27000 - MINISTERIO PUBLICO,00001 - GOVERNO DO ESTADO DE SAO PAULO,270031 - FED-CTO.ESTUDOS E APER.MINIST.PUBLICO,003 - RECURSOS VINCULADOS-FUNDO ESPECIAL DE DESPES,13210011 - REMUNERACAO  DEPOSITOS BANCARIOS - PRINCIPAL,115921.06,2020-11-21
27000 - MINISTERIO PUBLICO,00001 - GOVERNO DO ESTADO DE SAO PAULO,270031 - FED-CTO.ESTUDOS E APER.MINIST.PUBLICO,003 - RECURSOS VINCULADOS-FUNDO ESPECIAL DE DESPES,16909911 - OUTROS SERVICOS - PRINCIPAL,528549.97,2020-11-21
27000 - MINISTERIO PUBLICO,00001 - GOVERNO DO ESTADO DE SAO PAULO,270031 - FED-CTO.ESTUDOS E APER.MINIST.PUBLICO,099 - EXTRA ORCAMENTARIA,13210011 - REMUNERACAO  DEPOSITOS BANCARIOS - PRINCIPAL,0.07,2020-11-21
27000 - MINISTERIO PUBLICO,00001 - GOVERNO DO ESTADO DE SAO PAULO,270033 - FED-MINISTERIO PUBLICO,003 - RECURSOS VINCULADOS-FUNDO ESPECIAL DE DESPES,11220111 - TAXA PELA  PRESTACAO DE SERVICOS-PRINCIPAL,0.0,2020-11-21
27000 - MINISTERIO PUBLICO,00001 - GOVERNO DO ESTADO DE SAO PAULO,270033 - FED-MINISTERIO PUBLICO,003 - RECURSOS VINCULADOS-FUNDO ESPECIAL DE DESPES,11280221 - TAXAS EXTRAJUDICIAIS,172966797.34,2020-11-21
27000 - MINISTERIO PUBLICO,00001 - GOVERNO DO ESTADO DE SAO PAULO,270033 - FED-MINISTERIO PUBLICO,003 - RECURSOS VINCULADOS-FUNDO ESPECIAL DE DESPES,13100111 - ALUGUEIS E ARRENDAMENTOS - PRINCIPAL,14352.78,2020-11-21
27000 - MINISTERIO PUBLICO,00001 - GOVERNO DO ESTADO DE SAO PAULO,270033 - FED-MINISTERIO PUBLICO,003 - RECURSOS VINCULADOS-FUNDO ESPECIAL DE DESPES,13210011 - REMUNERACAO  DEPOSITOS BANCARIOS - PRINCIPAL,9065503.7,2020-11-21
27000 - MINISTERIO PUBLICO,00001 - GOVERNO DO ESTADO DE SAO PAULO,270033 - FED-MINISTERIO PUBLICO,003 - RECURSOS VINCULADOS-FUNDO ESPECIAL DE DESPES,13600111 - CESSAO DIREITO OPERACIONAL.PAGTOS- PRINCIPAL,8717427.93,2020-11-21
27000 - MINISTERIO PUBLICO,00001 - GOVERNO DO ESTADO DE SAO PAULO,270033 - FED-MINISTERIO PUBLICO,003 - RECURSOS VINCULADOS-FUNDO ESPECIAL DE DESPES,16100211 - INSCRICAO CONCURSO/PROC.SELETIVOS- PRINCIPAL,199083.32,2020-11-21
27000 - MINISTERIO PUBLICO,00001 - GOVERNO DO ESTADO DE SAO PAULO,270033 - FED-MINISTERIO PUBLICO,003 - RECURSOS VINCULADOS-FUNDO ESPECIAL DE DESPES,16909911 - OUTROS SERVICOS - PRINCIPAL,473555.4,2020-11-21
27000 - MINISTERIO PUBLICO,00001 - GOVERNO DO ESTADO DE SAO PAULO,270033 - FED-MINISTERIO PUBLICO,003 - RECURSOS VINCULADOS-FUNDO ESPECIAL DE DESPES,19100111 - MULTAS PREVISTAS LEG. ESPECIFICA-PRINCIPAL,227608.31,2020-11-21
27000 - MINISTERIO PUBLICO,00001 - GOVERNO DO ESTADO DE SAO PAULO,270101 - GAB.PROCURADOR GERAL DE JUSTICA,001 - TESOURO-DOT.INICIAL E CRED.SUPLEMENTAR,19909911 - OUTRAS RECEITAS - PRIMARIAS - PRINCIPAL,3557.47,2020-11-21
28000 - CASA CIVIL,00001 - GOVERNO DO ESTADO DE SAO PAULO,280031 - FED-FUNDO SOC.SOLIDARIEDADE EST.S.P.-FUSSESP,003 - RECURSOS VINCULADOS-FUNDO ESPECIAL DE DESPES,19280291 - OUTRAS RESTITUICOES-ESPECIF.E/DF/M-PRINCIPAL,72522.18,2020-11-21
28000 - CASA CIVIL,00001 - GOVERNO DO ESTADO DE SAO PAULO,280033 - GAB.SECRETARIO - INST.GEO E CARTOGRAFICO,003 - RECURSOS VINCULADOS-FUNDO ESPECIAL DE DESPES,13210011 - REMUNERACAO  DEPOSITOS BANCARIOS - PRINCIPAL,0.01,2020-11-21
28000 - CASA CIVIL,00001 - GOVERNO DO ESTADO DE SAO PAULO,280101 - GABINETE DO SECRETARIO,001 - TESOURO-DOT.INICIAL E CRED.SUPLEMENTAR,19909911 - OUTRAS RECEITAS - PRIMARIAS - PRINCIPAL,316.37,2020-11-21
28000 - CASA CIVIL,00001 - GOVERNO DO ESTADO DE SAO PAULO,280103 - DEPTO.DE INFRAESTRUTURA,001 - TESOURO-DOT.INICIAL E CRED.SUPLEMENTAR,13100111 - ALUGUEIS E ARRENDAMENTOS - PRINCIPAL,144991.55,2020-11-21
29000 - SECRETARIA DE DESENVOLVIMENTO REGIONAL,00001 - GOVERNO DO ESTADO DE SAO PAULO,290001 - SECR. DESENVOLVIMENTO REGIONAL,001 - TESOURO-DOT.INICIAL E CRED.SUPLEMENTAR,13100111 - ALUGUEIS E ARRENDAMENTOS - PRINCIPAL,1337617.31,2020-11-21
29000 - SECRETARIA DE DESENVOLVIMENTO REGIONAL,00001 - GOVERNO DO ESTADO DE SAO PAULO,290001 - SECR. DESENVOLVIMENTO REGIONAL,001 - TESOURO-DOT.INICIAL E CRED.SUPLEMENTAR,13210011 - REMUNERACAO  DEPOSITOS BANCARIOS - PRINCIPAL,177.8,2020-11-21
29000 - SECRETARIA DE DESENVOLVIMENTO REGIONAL,00001 - GOVERNO DO ESTADO DE SAO PAULO,290001 - SECR. DESENVOLVIMENTO REGIONAL,001 - TESOURO-DOT.INICIAL E CRED.SUPLEMENTAR,19280291 - OUTRAS RESTITUICOES-ESPECIF.E/DF/M-PRINCIPAL,858654.86,2020-11-21
29000 - SECRETARIA DE DESENVOLVIMENTO REGIONAL,00001 - GOVERNO DO ESTADO DE SAO PAULO,290001 - SECR. DESENVOLVIMENTO REGIONAL,001 - TESOURO-DOT.INICIAL E CRED.SUPLEMENTAR,19909911 - OUTRAS RECEITAS - PRIMARIAS - PRINCIPAL,9013.12,2020-11-21
29000 - SECRETARIA DE DESENVOLVIMENTO REGIONAL,00001 - GOVERNO DO ESTADO DE SAO PAULO,290101 - GABINETE DO SECRETARIO,001 - TESOURO-DOT.INICIAL E CRED.SUPLEMENTAR,11130341 - IRRF-OUTROS RENDIMENTOS-PRINCIPAL,11723.92,2020-11-21
29000 - SECRETARIA DE DESENVOLVIMENTO REGIONAL,00001 - GOVERNO DO ESTADO DE SAO PAULO,290118 - SUBSECR.CONVENIOS COM MUNIC.N.GOVERNAMENTAIS,001 - TESOURO-DOT.INICIAL E CRED.SUPLEMENTAR,11130341 - IRRF-OUTROS RENDIMENTOS-PRINCIPAL,53403.15,2020-11-21
29000 - SECRETARIA DE DESENVOLVIMENTO REGIONAL,00001 - GOVERNO DO ESTADO DE SAO PAULO,290118 - SUBSECR.CONVENIOS COM MUNIC.N.GOVERNAMENTAIS,001 - TESOURO-DOT.INICIAL E CRED.SUPLEMENTAR,19909911 - OUTRAS RECEITAS - PRIMARIAS - PRINCIPAL,5278.07,2020-11-21
29000 - SECRETARIA DE DESENVOLVIMENTO REGIONAL,29058 - INST. ASSIST. MEDICA SERV. PUBLICO ESTADUAL,292401 - INST. ASSIST. MEDICA SERV. PUBLICO ESTADUAL,004 - REC.PROPRIO-ADM.IND.-DOT.INIC.CR.SUPL.,13210011 - REMUNERACAO  DEPOSITOS BANCARIOS - PRINCIPAL,0.0,2020-11-21
29000 - SECRETARIA DE DESENVOLVIMENTO REGIONAL,29058 - INST. ASSIST. MEDICA SERV. PUBLICO ESTADUAL,292401 - INST. ASSIST. MEDICA SERV. PUBLICO ESTADUAL,004 - REC.PROPRIO-ADM.IND.-DOT.INIC.CR.SUPL.,16300211 - SERV.ASSIST.SAUDE SUPLEMENTAR-SERVIDOR CIVIL,0.0,2020-11-21
29000 - SECRETARIA DE DESENVOLVIMENTO REGIONAL,29058 - INST. ASSIST. MEDICA SERV. PUBLICO ESTADUAL,292401 - INST. ASSIST. MEDICA SERV. PUBLICO ESTADUAL,004 - REC.PROPRIO-ADM.IND.-DOT.INIC.CR.SUPL.,19909911 - OUTRAS RECEITAS - PRIMARIAS - PRINCIPAL,0.0,2020-11-21
29000 - SECRETARIA DE DESENVOLVIMENTO REGIONAL,29059 - AG.METROP.DA BAIXADA SANTISTA,292501 - AG.METROPOLITANA DA BAIXADA SANTISTA,004 - REC.PROPRIO-ADM.IND.-DOT.INIC.CR.SUPL.,13210011 - REMUNERACAO  DEPOSITOS BANCARIOS - PRINCIPAL,90009.7,2020-11-21
29000 - SECRETARIA DE DESENVOLVIMENTO REGIONAL,29059 - AG.METROP.DA BAIXADA SANTISTA,292501 - AG.METROPOLITANA DA BAIXADA SANTISTA,004 - REC.PROPRIO-ADM.IND.-DOT.INIC.CR.SUPL.,16909911 - OUTROS SERVICOS - PRINCIPAL,146882.04,2020-11-21
29000 - SECRETARIA DE DESENVOLVIMENTO REGIONAL,29059 - AG.METROP.DA BAIXADA SANTISTA,292501 - AG.METROPOLITANA DA BAIXADA SANTISTA,004 - REC.PROPRIO-ADM.IND.-DOT.INIC.CR.SUPL.,17389911 - OUTRAS TRANSFERERENCIAS MUNIC. - PRINCIPAL,29512.14,2020-11-21
29000 - SECRETARIA DE DESENVOLVIMENTO REGIONAL,29059 - AG.METROP.DA BAIXADA SANTISTA,292501 - AG.METROPOLITANA DA BAIXADA SANTISTA,004 - REC.PROPRIO-ADM.IND.-DOT.INIC.CR.SUPL.,19909911 - OUTRAS RECEITAS - PRIMARIAS - PRINCIPAL,237995.68,2020-11-21
29000 - SECRETARIA DE DESENVOLVIMENTO REGIONAL,29059 - AG.METROP.DA BAIXADA SANTISTA,292501 - AG.METROPOLITANA DA BAIXADA SANTISTA,006 - OUTRAS FONTES DE RECURSOS,19909911 - OUTRAS RECEITAS - PRIMARIAS - PRINCIPAL,74321.52,2020-11-21
29000 - SECRETARIA DE DESENVOLVIMENTO REGIONAL,29059 - AG.METROP.DA BAIXADA SANTISTA,292584 - AG.METROPOLITANA DA BAIXADA SANTISTA-UGFRP,004 - REC.PROPRIO-ADM.IND.-DOT.INIC.CR.SUPL.,13210011 - REMUNERACAO  DEPOSITOS BANCARIOS - PRINCIPAL,9160.82,2020-11-21
29000 - SECRETARIA DE DESENVOLVIMENTO REGIONAL,29059 - AG.METROP.DA BAIXADA SANTISTA,292584 - AG.METROPOLITANA DA BAIXADA SANTISTA-UGFRP,004 - REC.PROPRIO-ADM.IND.-DOT.INIC.CR.SUPL.,19909911 - OUTRAS RECEITAS - PRIMARIAS - PRINCIPAL,0.0,2020-11-21
29000 - SECRETARIA DE DESENVOLVIMENTO REGIONAL,29060 - AG.METROPOLITANA DE CAMPINAS,292601 - AG.METROPOLITANA DE CAMPINAS,004 - REC.PROPRIO-ADM.IND.-DOT.INIC.CR.SUPL.,13210011 - REMUNERACAO  DEPOSITOS BANCARIOS - PRINCIPAL,7548.86,2020-11-21
29000 - SECRETARIA DE DESENVOLVIMENTO REGIONAL,29060 - AG.METROPOLITANA DE CAMPINAS,292601 - AG.METROPOLITANA DE CAMPINAS,004 - REC.PROPRIO-ADM.IND.-DOT.INIC.CR.SUPL.,16909911 - OUTROS SERVICOS - PRINCIPAL,44505.44,2020-11-21
29000 - SECRETARIA DE DESENVOLVIMENTO REGIONAL,29060 - AG.METROPOLITANA DE CAMPINAS,292601 - AG.METROPOLITANA DE CAMPINAS,006 - OUTRAS FONTES DE RECURSOS,19909911 - OUTRAS RECEITAS - PRIMARIAS - PRINCIPAL,0.0,2020-11-21
29000 - SECRETARIA DE DESENVOLVIMENTO REGIONAL,29060 - AG.METROPOLITANA DE CAMPINAS,292602 - FUNDOCAMP - ORCAMENTARIA,006 - OUTRAS FONTES DE RECURSOS,13210011 - REMUNERACAO  DEPOSITOS BANCARIOS - PRINCIPAL,151794.58,2020-11-21
29000 - SECRETARIA DE DESENVOLVIMENTO REGIONAL,29060 - AG.METROPOLITANA DE CAMPINAS,292602 - FUNDOCAMP - ORCAMENTARIA,006 - OUTRAS FONTES DE RECURSOS,17289911 - OUTRAS TRANSFERENCIAS DOS ESTADOS - PRINCIPA,40759458.43,2020-11-21
29000 - SECRETARIA DE DESENVOLVIMENTO REGIONAL,29060 - AG.METROPOLITANA DE CAMPINAS,292602 - FUNDOCAMP - ORCAMENTARIA,006 - OUTRAS FONTES DE RECURSOS,17389911 - OUTRAS TRANSFERERENCIAS MUNIC. - PRINCIPAL,671182.85,2020-11-21
29000 - SECRETARIA DE DESENVOLVIMENTO REGIONAL,29060 - AG.METROPOLITANA DE CAMPINAS,292684 - AG.METROPOLITANA DE CAMPINAS-UGFRP,004 - REC.PROPRIO-ADM.IND.-DOT.INIC.CR.SUPL.,13210011 - REMUNERACAO  DEPOSITOS BANCARIOS - PRINCIPAL,1927.51,2020-11-21
29000 - SECRETARIA DE DESENVOLVIMENTO REGIONAL,29060 - AG.METROPOLITANA DE CAMPINAS,292694 - AGENCIA METROPOLITANA DE CAMPINAS - PROJETOS,004 - REC.PROPRIO-ADM.IND.-DOT.INIC.CR.SUPL.,13210011 - REMUNERACAO  DEPOSITOS BANCARIOS - PRINCIPAL,729.95,2020-11-21
29000 - SECRETARIA DE DESENVOLVIMENTO REGIONAL,29090 - EMPRESA PAULISTA DE PLANEJ.METROPOLITANO,293184 - EMPRESA PAULISTA PLANEJ.METROP.S/A-UGFRP,001 - TESOURO-DOT.INICIAL E CRED.SUPLEMENTAR,19909911 - OUTRAS RECEITAS - PRIMARIAS - PRINCIPAL,0.0,2020-11-21
35000 - SECRETARIA DE DESENVOLVIMENTO SOCIAL,00001 - GOVERNO DO ESTADO DE SAO PAULO,350001 - SEC.DESENVOLVIMENTO SOCIAL,001 - TESOURO-DOT.INICIAL E CRED.SUPLEMENTAR,19909911 - OUTRAS RECEITAS - PRIMARIAS - PRINCIPAL,308.49,2020-11-21
35000 - SECRETARIA DE DESENVOLVIMENTO SOCIAL,00001 - GOVERNO DO ESTADO DE SAO PAULO,350001 - SEC.DESENVOLVIMENTO SOCIAL,005 - RECURSOS VINCULADOS FEDERAIS,13210011 - REMUNERACAO  DEPOSITOS BANCARIOS - PRINCIPAL,22042.84,2020-11-21
35000 - SECRETARIA DE DESENVOLVIMENTO SOCIAL,00001 - GOVERNO DO ESTADO DE SAO PAULO,350030 - FED-GABINETE DO SECRETARIO,003 - RECURSOS VINCULADOS-FUNDO ESPECIAL DE DESPES,13210011 - REMUNERACAO  DEPOSITOS BANCARIOS - PRINCIPAL,2104.38,2020-11-21
35000 - SECRETARIA DE DESENVOLVIMENTO SOCIAL,00001 - GOVERNO DO ESTADO DE SAO PAULO,350031 - FED-ESTADUAL DE ASSISTENCIA SOCIAL-FEAS,003 - RECURSOS VINCULADOS-FUNDO ESPECIAL DE DESPES,13210011 - REMUNERACAO  DEPOSITOS BANCARIOS - PRINCIPAL,615518.79,2020-11-21
35000 - SECRETARIA DE DESENVOLVIMENTO SOCIAL,00001 - GOVERNO DO ESTADO DE SAO PAULO,350031 - FED-ESTADUAL DE ASSISTENCIA SOCIAL-FEAS,003 - RECURSOS VINCULADOS-FUNDO ESPECIAL DE DESPES,19280291 - OUTRAS RESTITUICOES-ESPECIF.E/DF/M-PRINCIPAL,2983262.13,2020-11-21
35000 - SECRETARIA DE DESENVOLVIMENTO SOCIAL,00001 - GOVERNO DO ESTADO DE SAO PAULO,350031 - FED-ESTADUAL DE ASSISTENCIA SOCIAL-FEAS,005 - RECURSOS VINCULADOS FEDERAIS,13210011 - REMUNERACAO  DEPOSITOS BANCARIOS - PRINCIPAL,244984.03,2020-11-21
35000 - SECRETARIA DE DESENVOLVIMENTO SOCIAL,00001 - GOVERNO DO ESTADO DE SAO PAULO,350031 - FED-ESTADUAL DE ASSISTENCIA SOCIAL-FEAS,005 - RECURSOS VINCULADOS FEDERAIS,17181091 - OUTRAS TRANSF.CONVENIOS UNIAO - PRINCIPAL,627530.07,2020-11-21
35000 - SECRETARIA DE DESENVOLVIMENTO SOCIAL,00001 - GOVERNO DO ESTADO DE SAO PAULO,350031 - FED-ESTADUAL DE ASSISTENCIA SOCIAL-FEAS,005 - RECURSOS VINCULADOS FEDERAIS,17181211 - TRANSF.REC.FNAS-FDO NAC. ASSIST.SOC-PRINCIPA,4245980.0,2020-11-21
35000 - SECRETARIA DE DESENVOLVIMENTO SOCIAL,00001 - GOVERNO DO ESTADO DE SAO PAULO,350031 - FED-ESTADUAL DE ASSISTENCIA SOCIAL-FEAS,005 - RECURSOS VINCULADOS FEDERAIS,24181091 - OUTRAS TRANSF.CONVENIOS DA UNIAO-PRINCIPAL,100000.0,2020-11-21
35000 - SECRETARIA DE DESENVOLVIMENTO SOCIAL,00001 - GOVERNO DO ESTADO DE SAO PAULO,350031 - FED-ESTADUAL DE ASSISTENCIA SOCIAL-FEAS,083 - RECURSOS VINCULADOS-FUNDO ESP. DESPESA-INTRA,77289911 - TRANSF.INTRA COVID,55230631.0,2020-11-21
35000 - SECRETARIA DE DESENVOLVIMENTO SOCIAL,00001 - GOVERNO DO ESTADO DE SAO PAULO,350033 - FED - DO IDOSO,003 - RECURSOS VINCULADOS-FUNDO ESPECIAL DE DESPES,13210011 - REMUNERACAO  DEPOSITOS BANCARIOS - PRINCIPAL,762553.69,2020-11-21
35000 - SECRETARIA DE DESENVOLVIMENTO SOCIAL,00001 - GOVERNO DO ESTADO DE SAO PAULO,350033 - FED - DO IDOSO,003 - RECURSOS VINCULADOS-FUNDO ESPECIAL DE DESPES,17481011 - OUTRA TRANSF.INST.PRIV. AO E/DF/M-PRINCIPAL,151167.63,2020-11-21
35000 - SECRETARIA DE DESENVOLVIMENTO SOCIAL,00001 - GOVERNO DO ESTADO DE SAO PAULO,350033 - FED - DO IDOSO,003 - RECURSOS VINCULADOS-FUNDO ESPECIAL DE DESPES,19909911 - OUTRAS RECEITAS - PRIMARIAS - PRINCIPAL,1177.26,2020-11-21
35000 - SECRETARIA DE DESENVOLVIMENTO SOCIAL,00001 - GOVERNO DO ESTADO DE SAO PAULO,350034 - FED-ESTAD.DIREITOS DA CRIANCA E DO ADOLECENT,003 - RECURSOS VINCULADOS-FUNDO ESPECIAL DE DESPES,13210011 - REMUNERACAO  DEPOSITOS BANCARIOS - PRINCIPAL,11915913.19,2020-11-21
35000 - SECRETARIA DE DESENVOLVIMENTO SOCIAL,00001 - GOVERNO DO ESTADO DE SAO PAULO,350034 - FED-ESTAD.DIREITOS DA CRIANCA E DO ADOLECENT,003 - RECURSOS VINCULADOS-FUNDO ESPECIAL DE DESPES,17481011 - OUTRA TRANSF.INST.PRIV. AO E/DF/M-PRINCIPAL,89270469.14,2020-11-21
35000 - SECRETARIA DE DESENVOLVIMENTO SOCIAL,00001 - GOVERNO DO ESTADO DE SAO PAULO,350034 - FED-ESTAD.DIREITOS DA CRIANCA E DO ADOLECENT,003 - RECURSOS VINCULADOS-FUNDO ESPECIAL DE DESPES,17781011 - OUTRA TRANSF.CONV.EXTERIOR-ESPEC E/DF/M-PRIN,4458604.96,2020-11-21
35000 - SECRETARIA DE DESENVOLVIMENTO SOCIAL,00001 - GOVERNO DO ESTADO DE SAO PAULO,350034 - FED-ESTAD.DIREITOS DA CRIANCA E DO ADOLECENT,003 - RECURSOS VINCULADOS-FUNDO ESPECIAL DE DESPES,19909911 - OUTRAS RECEITAS - PRIMARIAS - PRINCIPAL,5870077.82,2020-11-21
35000 - SECRETARIA DE DESENVOLVIMENTO SOCIAL,00001 - GOVERNO DO ESTADO DE SAO PAULO,350113 - DIR.REG.ASSIST.DES.SOCIAL GSP-LESTE M.CRUZES,001 - TESOURO-DOT.INICIAL E CRED.SUPLEMENTAR,11130341 - IRRF-OUTROS RENDIMENTOS-PRINCIPAL,519.0,2020-11-21
35000 - SECRETARIA DE DESENVOLVIMENTO SOCIAL,00001 - GOVERNO DO ESTADO DE SAO PAULO,350122 - DIR.REG.DE ASSIST. E DESENV.SOC.DE SJRP,001 - TESOURO-DOT.INICIAL E CRED.SUPLEMENTAR,19909911 - OUTRAS RECEITAS - PRIMARIAS - PRINCIPAL,164.0,2020-11-21
35000 - SECRETARIA DE DESENVOLVIMENTO SOCIAL,00001 - GOVERNO DO ESTADO DE SAO PAULO,350140 - DIR.REG.ASSIST.DES.SOCIAL DE FERNANDOPOLIS,001 - TESOURO-DOT.INICIAL E CRED.SUPLEMENTAR,19909911 - OUTRAS RECEITAS - PRIMARIAS - PRINCIPAL,127.52,2020-11-21
35000 - SECRETARIA DE DESENVOLVIMENTO SOCIAL,00001 - GOVERNO DO ESTADO DE SAO PAULO,"350147 - DIR.REG.AS.DES.SOC.BAIXADA SANTISTA, SANTOS",001 - TESOURO-DOT.INICIAL E CRED.SUPLEMENTAR,19909911 - OUTRAS RECEITAS - PRIMARIAS - PRINCIPAL,171.91,2020-11-21
35000 - SECRETARIA DE DESENVOLVIMENTO SOCIAL,00001 - GOVERNO DO ESTADO DE SAO PAULO,350170 - FUNDO ESTADUAL DE ASSISTENCIA SOCIAL - FEAS,001 - TESOURO-DOT.INICIAL E CRED.SUPLEMENTAR,19280291 - OUTRAS RESTITUICOES-ESPECIF.E/DF/M-PRINCIPAL,2049548.84,2020-11-21
35000 - SECRETARIA DE DESENVOLVIMENTO SOCIAL,00001 - GOVERNO DO ESTADO DE SAO PAULO,350170 - FUNDO ESTADUAL DE ASSISTENCIA SOCIAL - FEAS,001 - TESOURO-DOT.INICIAL E CRED.SUPLEMENTAR,19909911 - OUTRAS RECEITAS - PRIMARIAS - PRINCIPAL,1887730.99,2020-11-21
35000 - SECRETARIA DE DESENVOLVIMENTO SOCIAL,00001 - GOVERNO DO ESTADO DE SAO PAULO,350170 - FUNDO ESTADUAL DE ASSISTENCIA SOCIAL - FEAS,081 - TESOURO-DOT.INICIAL E CRED.SUPLEMENTAR-INTRA,76380191 - OUTROS SERVICOS DE SAUDE-PRINCIPAL INTRA,20398100.2,2020-11-21
35000 - SECRETARIA DE DESENVOLVIMENTO SOCIAL,00001 - GOVERNO DO ESTADO DE SAO PAULO,350173 - COORD. DE SEGURANCA ALIMENTAR E NUTRICIONAL,001 - TESOURO-DOT.INICIAL E CRED.SUPLEMENTAR,19280291 - OUTRAS RESTITUICOES-ESPECIF.E/DF/M-PRINCIPAL,63874.27,2020-11-21
35000 - SECRETARIA DE DESENVOLVIMENTO SOCIAL,00001 - GOVERNO DO ESTADO DE SAO PAULO,350173 - COORD. DE SEGURANCA ALIMENTAR E NUTRICIONAL,001 - TESOURO-DOT.INICIAL E CRED.SUPLEMENTAR,19909911 - OUTRAS RECEITAS - PRIMARIAS - PRINCIPAL,52444.73,2020-11-21
37000 - SECRETARIA DOS TRANSPORTES METROPOLITANOS,00001 - GOVERNO DO ESTADO DE SAO PAULO,370030 - FED-ESTRADA DE FERRO CAMPOS DO JORDAO,003 - RECURSOS VINCULADOS-FUNDO ESPECIAL DE DESPES,13100111 - ALUGUEIS E ARRENDAMENTOS - PRINCIPAL,28276.79,2020-11-21
37000 - SECRETARIA DOS TRANSPORTES METROPOLITANOS,00001 - GOVERNO DO ESTADO DE SAO PAULO,370030 - FED-ESTRADA DE FERRO CAMPOS DO JORDAO,003 - RECURSOS VINCULADOS-FUNDO ESPECIAL DE DESPES,13210011 - REMUNERACAO  DEPOSITOS BANCARIOS - PRINCIPAL,153663.73,2020-11-21
37000 - SECRETARIA DOS TRANSPORTES METROPOLITANOS,00001 - GOVERNO DO ESTADO DE SAO PAULO,370030 - FED-ESTRADA DE FERRO CAMPOS DO JORDAO,003 - RECURSOS VINCULADOS-FUNDO ESPECIAL DE DESPES,13310211 - DELEG.P/PREST.SERV.TRANSP.FERROVIARIO-PRINC,686779.76,2020-11-21
37000 - SECRETARIA DOS TRANSPORTES METROPOLITANOS,00001 - GOVERNO DO ESTADO DE SAO PAULO,370030 - FED-ESTRADA DE FERRO CAMPOS DO JORDAO,003 - RECURSOS VINCULADOS-FUNDO ESPECIAL DE DESPES,16100111 - SERVICO ADMINISTRATIVO/COML.GERAL -PRINCIPAL,634540.0,2020-11-21
37000 - SECRETARIA DOS TRANSPORTES METROPOLITANOS,00001 - GOVERNO DO ESTADO DE SAO PAULO,370030 - FED-ESTRADA DE FERRO CAMPOS DO JORDAO,003 - RECURSOS VINCULADOS-FUNDO ESPECIAL DE DESPES,16200211 - SERVICOS DE TRANSPORTE - PRINCIPAL,971795.91,2020-11-21
37000 - SECRETARIA DOS TRANSPORTES METROPOLITANOS,00001 - GOVERNO DO ESTADO DE SAO PAULO,370030 - FED-ESTRADA DE FERRO CAMPOS DO JORDAO,003 - RECURSOS VINCULADOS-FUNDO ESPECIAL DE DESPES,16909911 - OUTROS SERVICOS - PRINCIPAL,26700.03,2020-11-21
37000 - SECRETARIA DOS TRANSPORTES METROPOLITANOS,00001 - GOVERNO DO ESTADO DE SAO PAULO,370030 - FED-ESTRADA DE FERRO CAMPOS DO JORDAO,003 - RECURSOS VINCULADOS-FUNDO ESPECIAL DE DESPES,19280291 - OUTRAS RESTITUICOES-ESPECIF.E/DF/M-PRINCIPAL,94.31,2020-11-21
37000 - SECRETARIA DOS TRANSPORTES METROPOLITANOS,00001 - GOVERNO DO ESTADO DE SAO PAULO,370030 - FED-ESTRADA DE FERRO CAMPOS DO JORDAO,003 - RECURSOS VINCULADOS-FUNDO ESPECIAL DE DESPES,19909911 - OUTRAS RECEITAS - PRIMARIAS - PRINCIPAL,10889.2,2020-11-21
37000 - SECRETARIA DOS TRANSPORTES METROPOLITANOS,00001 - GOVERNO DO ESTADO DE SAO PAULO,370030 - FED-ESTRADA DE FERRO CAMPOS DO JORDAO,006 - OUTRAS FONTES DE RECURSOS,19909911 - OUTRAS RECEITAS - PRIMARIAS - PRINCIPAL,124839.3,2020-11-21
37000 - SECRETARIA DOS TRANSPORTES METROPOLITANOS,00001 - GOVERNO DO ESTADO DE SAO PAULO,370101 - GABINETE DO SECRETARIO,001 - TESOURO-DOT.INICIAL E CRED.SUPLEMENTAR,11130311 - IRRF-IMP. RENDA RET. FTE-TRABALHO-PRINCIPAL,1765.07,2020-11-21
37000 - SECRETARIA DOS TRANSPORTES METROPOLITANOS,00001 - GOVERNO DO ESTADO DE SAO PAULO,370101 - GABINETE DO SECRETARIO,002 - RECURSOS VINCULADOS ESTADUAIS,12180111 - CPSSS - SERVIDOR CIVIL  ATIVO - PRINCIPAL,157280.53,2020-11-21
37000 - SECRETARIA DOS TRANSPORTES METROPOLITANOS,00001 - GOVERNO DO ESTADO DE SAO PAULO,370101 - GABINETE DO SECRETARIO,002 - RECURSOS VINCULADOS ESTADUAIS,19220511 - RESTITUICAO DE CONTRIB.PREVID.COMPLEMENTARES,65398.55,2020-11-21
37000 - SECRETARIA DOS TRANSPORTES METROPOLITANOS,00001 - GOVERNO DO ESTADO DE SAO PAULO,370101 - GABINETE DO SECRETARIO,006 - OUTRAS FONTES DE RECURSOS,19909911 - OUTRAS RECEITAS - PRIMARIAS - PRINCIPAL,61823309.0,2020-11-21
37000 - SECRETARIA DOS TRANSPORTES METROPOLITANOS,00001 - GOVERNO DO ESTADO DE SAO PAULO,370101 - GABINETE DO SECRETARIO,007 - OP.CRED.E CONTRIB.DO EXTERIOR-DOT.INIC.CR.SU,13210011 - REMUNERACAO  DEPOSITOS BANCARIOS - PRINCIPAL,11465706.31,2020-11-21
37000 - SECRETARIA DOS TRANSPORTES METROPOLITANOS,00001 - GOVERNO DO ESTADO DE SAO PAULO,370105 - UNID.COORD.PROJ.TRENS E SIST.REG.METROP.GSP,001 - TESOURO-DOT.INICIAL E CRED.SUPLEMENTAR,11130311 - IRRF-IMP. RENDA RET. FTE-TRABALHO-PRINCIPAL,9921.55,2020-11-21
37000 - SECRETARIA DOS TRANSPORTES METROPOLITANOS,00001 - GOVERNO DO ESTADO DE SAO PAULO,370105 - UNID.COORD.PROJ.TRENS E SIST.REG.METROP.GSP,006 - OUTRAS FONTES DE RECURSOS,19909911 - OUTRAS RECEITAS - PRIMARIAS - PRINCIPAL,16918287.0,2020-11-21
37000 - SECRETARIA DOS TRANSPORTES METROPOLITANOS,00001 - GOVERNO DO ESTADO DE SAO PAULO,370106 - UNID.COORD.PROGR.INVEST.TRANS.METR.SP-UCPITM,001 - TESOURO-DOT.INICIAL E CRED.SUPLEMENTAR,11130311 - IRRF-IMP. RENDA RET. FTE-TRABALHO-PRINCIPAL,66695.25,2020-11-21
37000 - SECRETARIA DOS TRANSPORTES METROPOLITANOS,00001 - GOVERNO DO ESTADO DE SAO PAULO,370106 - UNID.COORD.PROGR.INVEST.TRANS.METR.SP-UCPITM,006 - OUTRAS FONTES DE RECURSOS,11130311 - IRRF-IMP. RENDA RET. FTE-TRABALHO-PRINCIPAL,2352.0,2020-11-21
37000 - SECRETARIA DOS TRANSPORTES METROPOLITANOS,00001 - GOVERNO DO ESTADO DE SAO PAULO,370106 - UNID.COORD.PROGR.INVEST.TRANS.METR.SP-UCPITM,006 - OUTRAS FONTES DE RECURSOS,19909911 - OUTRAS RECEITAS - PRIMARIAS - PRINCIPAL,67048911.0,2020-11-21
37000 - SECRETARIA DOS TRANSPORTES METROPOLITANOS,00001 - GOVERNO DO ESTADO DE SAO PAULO,370106 - UNID.COORD.PROGR.INVEST.TRANS.METR.SP-UCPITM,007 - OP.CRED.E CONTRIB.DO EXTERIOR-DOT.INIC.CR.SU,13210011 - REMUNERACAO  DEPOSITOS BANCARIOS - PRINCIPAL,97636.38,2020-11-21
37000 - SECRETARIA DOS TRANSPORTES METROPOLITANOS,00001 - GOVERNO DO ESTADO DE SAO PAULO,370107 - UNID.COORD.COM.MONIT.CONCESSOES E PERMISSOES,001 - TESOURO-DOT.INICIAL E CRED.SUPLEMENTAR,11130311 - IRRF-IMP. RENDA RET. FTE-TRABALHO-PRINCIPAL,2958.38,2020-11-21
37000 - SECRETARIA DOS TRANSPORTES METROPOLITANOS,00001 - GOVERNO DO ESTADO DE SAO PAULO,370107 - UNID.COORD.COM.MONIT.CONCESSOES E PERMISSOES,001 - TESOURO-DOT.INICIAL E CRED.SUPLEMENTAR,19280291 - OUTRAS RESTITUICOES-ESPECIF.E/DF/M-PRINCIPAL,51104374.13,2020-11-21
37000 - SECRETARIA DOS TRANSPORTES METROPOLITANOS,00001 - GOVERNO DO ESTADO DE SAO PAULO,370107 - UNID.COORD.COM.MONIT.CONCESSOES E PERMISSOES,002 - RECURSOS VINCULADOS ESTADUAIS,13210011 - REMUNERACAO  DEPOSITOS BANCARIOS - PRINCIPAL,114768.54,2020-11-21
37000 - SECRETARIA DOS TRANSPORTES METROPOLITANOS,00001 - GOVERNO DO ESTADO DE SAO PAULO,370107 - UNID.COORD.COM.MONIT.CONCESSOES E PERMISSOES,002 - RECURSOS VINCULADOS ESTADUAIS,13310211 - DELEG.P/PREST.SERV.TRANSP.FERROVIARIO-PRINC,26769.34,2020-11-21
37000 - SECRETARIA DOS TRANSPORTES METROPOLITANOS,00001 - GOVERNO DO ESTADO DE SAO PAULO,370107 - UNID.COORD.COM.MONIT.CONCESSOES E PERMISSOES,002 - RECURSOS VINCULADOS ESTADUAIS,13310311 - DELEG.P/PREST.DOS SERV.DE TRANSP.METROV-PRIN,1872427.86,2020-11-21
37000 - SECRETARIA DOS TRANSPORTES METROPOLITANOS,00001 - GOVERNO DO ESTADO DE SAO PAULO,370108 - ESTRADA DE FERRO CAMPOS DO JORDAO,002 - RECURSOS VINCULADOS ESTADUAIS,12180111 - CPSSS - SERVIDOR CIVIL  ATIVO - PRINCIPAL,19750.79,2020-11-21
37000 - SECRETARIA DOS TRANSPORTES METROPOLITANOS,37092 - CIA PAULISTA DE TRENS METROPOLITANOS,373201 - CIA.PAULISTA DE TRENS METROPOLITANOS-CPTM,004 - REC.PROPRIO-ADM.IND.-DOT.INIC.CR.SUPL.,13100111 - ALUGUEIS E ARRENDAMENTOS - PRINCIPAL,161398249.99,2020-11-21
37000 - SECRETARIA DOS TRANSPORTES METROPOLITANOS,37092 - CIA PAULISTA DE TRENS METROPOLITANOS,373201 - CIA.PAULISTA DE TRENS METROPOLITANOS-CPTM,004 - REC.PROPRIO-ADM.IND.-DOT.INIC.CR.SUPL.,13210011 - REMUNERACAO  DEPOSITOS BANCARIOS - PRINCIPAL,11518117.86,2020-11-21
37000 - SECRETARIA DOS TRANSPORTES METROPOLITANOS,37092 - CIA PAULISTA DE TRENS METROPOLITANOS,373201 - CIA.PAULISTA DE TRENS METROPOLITANOS-CPTM,004 - REC.PROPRIO-ADM.IND.-DOT.INIC.CR.SUPL.,13220011 - DIVIDENDOS - PRINCIPAL,3478.86,2020-11-21
37000 - SECRETARIA DOS TRANSPORTES METROPOLITANOS,37092 - CIA PAULISTA DE TRENS METROPOLITANOS,373201 - CIA.PAULISTA DE TRENS METROPOLITANOS-CPTM,004 - REC.PROPRIO-ADM.IND.-DOT.INIC.CR.SUPL.,16200211 - SERVICOS DE TRANSPORTE - PRINCIPAL,866973752.71,2020-11-21
37000 - SECRETARIA DOS TRANSPORTES METROPOLITANOS,37092 - CIA PAULISTA DE TRENS METROPOLITANOS,373201 - CIA.PAULISTA DE TRENS METROPOLITANOS-CPTM,004 - REC.PROPRIO-ADM.IND.-DOT.INIC.CR.SUPL.,16909911 - OUTROS SERVICOS - PRINCIPAL,7239035.83,2020-11-21
37000 - SECRETARIA DOS TRANSPORTES METROPOLITANOS,37092 - CIA PAULISTA DE TRENS METROPOLITANOS,373201 - CIA.PAULISTA DE TRENS METROPOLITANOS-CPTM,004 - REC.PROPRIO-ADM.IND.-DOT.INIC.CR.SUPL.,19100111 - MULTAS PREVISTAS LEG. ESPECIFICA-PRINCIPAL,4809845.73,2020-11-21
37000 - SECRETARIA DOS TRANSPORTES METROPOLITANOS,37092 - CIA PAULISTA DE TRENS METROPOLITANOS,373201 - CIA.PAULISTA DE TRENS METROPOLITANOS-CPTM,004 - REC.PROPRIO-ADM.IND.-DOT.INIC.CR.SUPL.,19280291 - OUTRAS RESTITUICOES-ESPECIF.E/DF/M-PRINCIPAL,166138500.75,2020-11-21
37000 - SECRETARIA DOS TRANSPORTES METROPOLITANOS,37092 - CIA PAULISTA DE TRENS METROPOLITANOS,373201 - CIA.PAULISTA DE TRENS METROPOLITANOS-CPTM,004 - REC.PROPRIO-ADM.IND.-DOT.INIC.CR.SUPL.,19909911 - OUTRAS RECEITAS - PRIMARIAS - PRINCIPAL,16667099.71,2020-11-21
37000 - SECRETARIA DOS TRANSPORTES METROPOLITANOS,37092 - CIA PAULISTA DE TRENS METROPOLITANOS,373201 - CIA.PAULISTA DE TRENS METROPOLITANOS-CPTM,045 - REC.VINC.TRANSF.FEDERAL/SUPERAVIT FINANC.,89100011 - INTEGRALIZACAO CAPITAL SOCIAL-PRINCIPAL INTR,51347671.27,2020-11-21
37000 - SECRETARIA DOS TRANSPORTES METROPOLITANOS,37092 - CIA PAULISTA DE TRENS METROPOLITANOS,373201 - CIA.PAULISTA DE TRENS METROPOLITANOS-CPTM,081 - TESOURO-DOT.INICIAL E CRED.SUPLEMENTAR-INTRA,79229911 - OUTRAS RESTITUICOES-PRINC INTRAORCAMENTARIAS,117498881.57,2020-11-21
37000 - SECRETARIA DOS TRANSPORTES METROPOLITANOS,37092 - CIA PAULISTA DE TRENS METROPOLITANOS,373201 - CIA.PAULISTA DE TRENS METROPOLITANOS-CPTM,081 - TESOURO-DOT.INICIAL E CRED.SUPLEMENTAR-INTRA,89100011 - INTEGRALIZACAO CAPITAL SOCIAL-PRINCIPAL INTR,296786220.41,2020-11-21
37000 - SECRETARIA DOS TRANSPORTES METROPOLITANOS,37092 - CIA PAULISTA DE TRENS METROPOLITANOS,373201 - CIA.PAULISTA DE TRENS METROPOLITANOS-CPTM,086 - OUTRAS FONTES DE RECURSOS-INTRA,89100011 - INTEGRALIZACAO CAPITAL SOCIAL-PRINCIPAL INTR,24672581.98,2020-11-21
37000 - SECRETARIA DOS TRANSPORTES METROPOLITANOS,37092 - CIA PAULISTA DE TRENS METROPOLITANOS,373201 - CIA.PAULISTA DE TRENS METROPOLITANOS-CPTM,087 - OP.CRED.CONTR.EXTERIOR-DOT.INIC.CR.SUP-INTRA,89100011 - INTEGRALIZACAO CAPITAL SOCIAL-PRINCIPAL INTR,11465706.31,2020-11-21
38000 - SECRETARIA ADMINISTRACAO PENITENCIARIA,00001 - GOVERNO DO ESTADO DE SAO PAULO,380001 - SEC.ADMINISTRACAO PENITENCIARIA,001 - TESOURO-DOT.INICIAL E CRED.SUPLEMENTAR,19909911 - OUTRAS RECEITAS - PRIMARIAS - PRINCIPAL,55.71,2020-11-21
38000 - SECRETARIA ADMINISTRACAO PENITENCIARIA,00001 - GOVERNO DO ESTADO DE SAO PAULO,380030 - FED-PENIT.ESTADO DE SAO PAULO,003 - RECURSOS VINCULADOS-FUNDO ESPECIAL DE DESPES,13210011 - REMUNERACAO  DEPOSITOS BANCARIOS - PRINCIPAL,636256.62,2020-11-21
38000 - SECRETARIA ADMINISTRACAO PENITENCIARIA,00001 - GOVERNO DO ESTADO DE SAO PAULO,380030 - FED-PENIT.ESTADO DE SAO PAULO,003 - RECURSOS VINCULADOS-FUNDO ESPECIAL DE DESPES,19100811 - MULTAS DECORRENTES SENTENCAS JUD-PRINCIPAL,4394141.39,2020-11-21
38000 - SECRETARIA ADMINISTRACAO PENITENCIARIA,00001 - GOVERNO DO ESTADO DE SAO PAULO,380030 - FED-PENIT.ESTADO DE SAO PAULO,005 - RECURSOS VINCULADOS FEDERAIS,13210011 - REMUNERACAO  DEPOSITOS BANCARIOS - PRINCIPAL,1184129.4,2020-11-21
38000 - SECRETARIA ADMINISTRACAO PENITENCIARIA,00001 - GOVERNO DO ESTADO DE SAO PAULO,380030 - FED-PENIT.ESTADO DE SAO PAULO,005 - RECURSOS VINCULADOS FEDERAIS,17181091 - OUTRAS TRANSF.CONVENIOS UNIAO - PRINCIPAL,1070581.53,2020-11-21
38000 - SECRETARIA ADMINISTRACAO PENITENCIARIA,00001 - GOVERNO DO ESTADO DE SAO PAULO,380030 - FED-PENIT.ESTADO DE SAO PAULO,005 - RECURSOS VINCULADOS FEDERAIS,24181091 - OUTRAS TRANSF.CONVENIOS DA UNIAO-PRINCIPAL,34966203.0,2020-11-21
38000 - SECRETARIA ADMINISTRACAO PENITENCIARIA,00001 - GOVERNO DO ESTADO DE SAO PAULO,380030 - FED-PENIT.ESTADO DE SAO PAULO,006 - OUTRAS FONTES DE RECURSOS,19909911 - OUTRAS RECEITAS - PRIMARIAS - PRINCIPAL,0.0,2020-11-21
38000 - SECRETARIA ADMINISTRACAO PENITENCIARIA,00001 - GOVERNO DO ESTADO DE SAO PAULO,380031 - FED-PENITENCIARIA FEMININA SANT ANA,003 - RECURSOS VINCULADOS-FUNDO ESPECIAL DE DESPES,13210011 - REMUNERACAO  DEPOSITOS BANCARIOS - PRINCIPAL,171767.46,2020-11-21
38000 - SECRETARIA ADMINISTRACAO PENITENCIARIA,00001 - GOVERNO DO ESTADO DE SAO PAULO,380031 - FED-PENITENCIARIA FEMININA SANT ANA,003 - RECURSOS VINCULADOS-FUNDO ESPECIAL DE DESPES,15000011 - RECEITA INDUSTRIAL - PRINCIPAL,434520.74,2020-11-21
38000 - SECRETARIA ADMINISTRACAO PENITENCIARIA,00001 - GOVERNO DO ESTADO DE SAO PAULO,380031 - FED-PENITENCIARIA FEMININA SANT ANA,006 - OUTRAS FONTES DE RECURSOS,19909911 - OUTRAS RECEITAS - PRIMARIAS - PRINCIPAL,286.45,2020-11-21
38000 - SECRETARIA ADMINISTRACAO PENITENCIARIA,00001 - GOVERNO DO ESTADO DE SAO PAULO,380032 - FED-CTO.PROG.PENIT.DR.JAVERT DE ANDRADE,003 - RECURSOS VINCULADOS-FUNDO ESPECIAL DE DESPES,13210011 - REMUNERACAO  DEPOSITOS BANCARIOS - PRINCIPAL,3878.78,2020-11-21
38000 - SECRETARIA ADMINISTRACAO PENITENCIARIA,00001 - GOVERNO DO ESTADO DE SAO PAULO,380032 - FED-CTO.PROG.PENIT.DR.JAVERT DE ANDRADE,003 - RECURSOS VINCULADOS-FUNDO ESPECIAL DE DESPES,16100111 - SERVICO ADMINISTRATIVO/COML.GERAL -PRINCIPAL,39493.86,2020-11-21
38000 - SECRETARIA ADMINISTRACAO PENITENCIARIA,00001 - GOVERNO DO ESTADO DE SAO PAULO,380033 - FED-PENIT.FEM.STA.MA.E.PELLETIER-TREMEMBE,003 - RECURSOS VINCULADOS-FUNDO ESPECIAL DE DESPES,13210011 - REMUNERACAO  DEPOSITOS BANCARIOS - PRINCIPAL,13520.28,2020-11-21
38000 - SECRETARIA ADMINISTRACAO PENITENCIARIA,00001 - GOVERNO DO ESTADO DE SAO PAULO,380034 - FED-PENIT. ZWINGLIO FERREIRA-PRES.VENCESLAU,003 - RECURSOS VINCULADOS-FUNDO ESPECIAL DE DESPES,13210011 - REMUNERACAO  DEPOSITOS BANCARIOS - PRINCIPAL,18.33,2020-11-21
38000 - SECRETARIA ADMINISTRACAO PENITENCIARIA,00001 - GOVERNO DO ESTADO DE SAO PAULO,380034 - FED-PENIT. ZWINGLIO FERREIRA-PRES.VENCESLAU,003 - RECURSOS VINCULADOS-FUNDO ESPECIAL DE DESPES,16909911 - OUTROS SERVICOS - PRINCIPAL,153.99,2020-11-21
38000 - SECRETARIA ADMINISTRACAO PENITENCIARIA,00001 - GOVERNO DO ESTADO DE SAO PAULO,380035 - FED-PENIT.DR.PAULO LUCIANO DE CAMPOS,003 - RECURSOS VINCULADOS-FUNDO ESPECIAL DE DESPES,13210011 - REMUNERACAO  DEPOSITOS BANCARIOS - PRINCIPAL,17.1,2020-11-21
38000 - SECRETARIA ADMINISTRACAO PENITENCIARIA,00001 - GOVERNO DO ESTADO DE SAO PAULO,380036 - FED-PENIT.FEMININA DA CAPITAL,003 - RECURSOS VINCULADOS-FUNDO ESPECIAL DE DESPES,13210011 - REMUNERACAO  DEPOSITOS BANCARIOS - PRINCIPAL,12019.4,2020-11-21
38000 - SECRETARIA ADMINISTRACAO PENITENCIARIA,00001 - GOVERNO DO ESTADO DE SAO PAULO,380036 - FED-PENIT.FEMININA DA CAPITAL,003 - RECURSOS VINCULADOS-FUNDO ESPECIAL DE DESPES,16100111 - SERVICO ADMINISTRATIVO/COML.GERAL -PRINCIPAL,241567.94,2020-11-21
38000 - SECRETARIA ADMINISTRACAO PENITENCIARIA,00001 - GOVERNO DO ESTADO DE SAO PAULO,380036 - FED-PENIT.FEMININA DA CAPITAL,006 - OUTRAS FONTES DE RECURSOS,19909911 - OUTRAS RECEITAS - PRIMARIAS - PRINCIPAL,0.0,2020-11-21
38000 - SECRETARIA ADMINISTRACAO PENITENCIARIA,00001 - GOVERNO DO ESTADO DE SAO PAULO,380037 - FED-PENIT. DR.SEBASTIAO SILVEIRA,003 - RECURSOS VINCULADOS-FUNDO ESPECIAL DE DESPES,13210011 - REMUNERACAO  DEPOSITOS BANCARIOS - PRINCIPAL,1826.12,2020-11-21
38000 - SECRETARIA ADMINISTRACAO PENITENCIARIA,00001 - GOVERNO DO ESTADO DE SAO PAULO,380037 - FED-PENIT. DR.SEBASTIAO SILVEIRA,003 - RECURSOS VINCULADOS-FUNDO ESPECIAL DE DESPES,16909911 - OUTROS SERVICOS - PRINCIPAL,13943.45,2020-11-21
38000 - SECRETARIA ADMINISTRACAO PENITENCIARIA,00001 - GOVERNO DO ESTADO DE SAO PAULO,380037 - FED-PENIT. DR.SEBASTIAO SILVEIRA,006 - OUTRAS FONTES DE RECURSOS,19909911 - OUTRAS RECEITAS - PRIMARIAS - PRINCIPAL,0.0,2020-11-21
38000 - SECRETARIA ADMINISTRACAO PENITENCIARIA,00001 - GOVERNO DO ESTADO DE SAO PAULO,380038 - FED-PENIT.DR.WALTER F.P.QUEIROZ,003 - RECURSOS VINCULADOS-FUNDO ESPECIAL DE DESPES,13210011 - REMUNERACAO  DEPOSITOS BANCARIOS - PRINCIPAL,6026.83,2020-11-21
38000 - SECRETARIA ADMINISTRACAO PENITENCIARIA,00001 - GOVERNO DO ESTADO DE SAO PAULO,380038 - FED-PENIT.DR.WALTER F.P.QUEIROZ,003 - RECURSOS VINCULADOS-FUNDO ESPECIAL DE DESPES,15000011 - RECEITA INDUSTRIAL - PRINCIPAL,125139.06,2020-11-21
38000 - SECRETARIA ADMINISTRACAO PENITENCIARIA,00001 - GOVERNO DO ESTADO DE SAO PAULO,380038 - FED-PENIT.DR.WALTER F.P.QUEIROZ,006 - OUTRAS FONTES DE RECURSOS,19909911 - OUTRAS RECEITAS - PRIMARIAS - PRINCIPAL,0.0,2020-11-21
38000 - SECRETARIA ADMINISTRACAO PENITENCIARIA,00001 - GOVERNO DO ESTADO DE SAO PAULO,380039 - FED-HOSP.C.TRAT.PSIQ.PROF.ANDRE T.LIMA,003 - RECURSOS VINCULADOS-FUNDO ESPECIAL DE DESPES,13210011 - REMUNERACAO  DEPOSITOS BANCARIOS - PRINCIPAL,481.97,2020-11-21
38000 - SECRETARIA ADMINISTRACAO PENITENCIARIA,00001 - GOVERNO DO ESTADO DE SAO PAULO,380039 - FED-HOSP.C.TRAT.PSIQ.PROF.ANDRE T.LIMA,005 - RECURSOS VINCULADOS FEDERAIS,13210011 - REMUNERACAO  DEPOSITOS BANCARIOS - PRINCIPAL,258797.6,2020-11-21
38000 - SECRETARIA ADMINISTRACAO PENITENCIARIA,00001 - GOVERNO DO ESTADO DE SAO PAULO,380040 - FED-PRESIDIO FRANCO DA ROCHA,003 - RECURSOS VINCULADOS-FUNDO ESPECIAL DE DESPES,13210011 - REMUNERACAO  DEPOSITOS BANCARIOS - PRINCIPAL,20042.15,2020-11-21
38000 - SECRETARIA ADMINISTRACAO PENITENCIARIA,00001 - GOVERNO DO ESTADO DE SAO PAULO,380041 - FED-C.P.P. PROF.ATALIBA NOGUEIRA-CAMPINAS,003 - RECURSOS VINCULADOS-FUNDO ESPECIAL DE DESPES,13210011 - REMUNERACAO  DEPOSITOS BANCARIOS - PRINCIPAL,13484.31,2020-11-21
38000 - SECRETARIA ADMINISTRACAO PENITENCIARIA,00001 - GOVERNO DO ESTADO DE SAO PAULO,380041 - FED-C.P.P. PROF.ATALIBA NOGUEIRA-CAMPINAS,003 - RECURSOS VINCULADOS-FUNDO ESPECIAL DE DESPES,16909911 - OUTROS SERVICOS - PRINCIPAL,32434.42,2020-11-21
38000 - SECRETARIA ADMINISTRACAO PENITENCIARIA,00001 - GOVERNO DO ESTADO DE SAO PAULO,380041 - FED-C.P.P. PROF.ATALIBA NOGUEIRA-CAMPINAS,006 - OUTRAS FONTES DE RECURSOS,19909911 - OUTRAS RECEITAS - PRIMARIAS - PRINCIPAL,0.0,2020-11-21
38000 - SECRETARIA ADMINISTRACAO PENITENCIARIA,00001 - GOVERNO DO ESTADO DE SAO PAULO,380042 - FED-PENIT.DR.JOSE A.C.SALGADO DE TREMEMBE,003 - RECURSOS VINCULADOS-FUNDO ESPECIAL DE DESPES,13210011 - REMUNERACAO  DEPOSITOS BANCARIOS - PRINCIPAL,1557.05,2020-11-21
38000 - SECRETARIA ADMINISTRACAO PENITENCIARIA,00001 - GOVERNO DO ESTADO DE SAO PAULO,380042 - FED-PENIT.DR.JOSE A.C.SALGADO DE TREMEMBE,003 - RECURSOS VINCULADOS-FUNDO ESPECIAL DE DESPES,15000011 - RECEITA INDUSTRIAL - PRINCIPAL,27660.22,2020-11-21
38000 - SECRETARIA ADMINISTRACAO PENITENCIARIA,00001 - GOVERNO DO ESTADO DE SAO PAULO,380042 - FED-PENIT.DR.JOSE A.C.SALGADO DE TREMEMBE,003 - RECURSOS VINCULADOS-FUNDO ESPECIAL DE DESPES,16100111 - SERVICO ADMINISTRATIVO/COML.GERAL -PRINCIPAL,882.0,2020-11-21
38000 - SECRETARIA ADMINISTRACAO PENITENCIARIA,00001 - GOVERNO DO ESTADO DE SAO PAULO,380042 - FED-PENIT.DR.JOSE A.C.SALGADO DE TREMEMBE,043 - F.E.D - CREDITO POR SUPERAVIT FINANCEIRO,13210011 - REMUNERACAO  DEPOSITOS BANCARIOS - PRINCIPAL,10.6,2020-11-21
38000 - SECRETARIA ADMINISTRACAO PENITENCIARIA,00001 - GOVERNO DO ESTADO DE SAO PAULO,380043 - FED-CENTRO PROGR.PENIT.PROF.NOE AZEVEDO,003 - RECURSOS VINCULADOS-FUNDO ESPECIAL DE DESPES,13210011 - REMUNERACAO  DEPOSITOS BANCARIOS - PRINCIPAL,9503.5,2020-11-21
38000 - SECRETARIA ADMINISTRACAO PENITENCIARIA,00001 - GOVERNO DO ESTADO DE SAO PAULO,380043 - FED-CENTRO PROGR.PENIT.PROF.NOE AZEVEDO,003 - RECURSOS VINCULADOS-FUNDO ESPECIAL DE DESPES,14000011 - RECEITA AGROPECUARIA - PRINCIPAL,4415.3,2020-11-21
38000 - SECRETARIA ADMINISTRACAO PENITENCIARIA,00001 - GOVERNO DO ESTADO DE SAO PAULO,380043 - FED-CENTRO PROGR.PENIT.PROF.NOE AZEVEDO,003 - RECURSOS VINCULADOS-FUNDO ESPECIAL DE DESPES,16100111 - SERVICO ADMINISTRATIVO/COML.GERAL -PRINCIPAL,13562.97,2020-11-21
38000 - SECRETARIA ADMINISTRACAO PENITENCIARIA,00001 - GOVERNO DO ESTADO DE SAO PAULO,380043 - FED-CENTRO PROGR.PENIT.PROF.NOE AZEVEDO,003 - RECURSOS VINCULADOS-FUNDO ESPECIAL DE DESPES,19909911 - OUTRAS RECEITAS - PRIMARIAS - PRINCIPAL,65.1,2020-11-21
38000 - SECRETARIA ADMINISTRACAO PENITENCIARIA,00001 - GOVERNO DO ESTADO DE SAO PAULO,380043 - FED-CENTRO PROGR.PENIT.PROF.NOE AZEVEDO,006 - OUTRAS FONTES DE RECURSOS,19909911 - OUTRAS RECEITAS - PRIMARIAS - PRINCIPAL,0.0,2020-11-21
38000 - SECRETARIA ADMINISTRACAO PENITENCIARIA,00001 - GOVERNO DO ESTADO DE SAO PAULO,380043 - FED-CENTRO PROGR.PENIT.PROF.NOE AZEVEDO,043 - F.E.D - CREDITO POR SUPERAVIT FINANCEIRO,13210011 - REMUNERACAO  DEPOSITOS BANCARIOS - PRINCIPAL,497.94,2020-11-21
38000 - SECRETARIA ADMINISTRACAO PENITENCIARIA,00001 - GOVERNO DO ESTADO DE SAO PAULO,380044 - FED-CTO.PROG.PENIT.DR.EDGARD M.NORONHA,003 - RECURSOS VINCULADOS-FUNDO ESPECIAL DE DESPES,13210011 - REMUNERACAO  DEPOSITOS BANCARIOS - PRINCIPAL,81279.78,2020-11-21
38000 - SECRETARIA ADMINISTRACAO PENITENCIARIA,00001 - GOVERNO DO ESTADO DE SAO PAULO,380044 - FED-CTO.PROG.PENIT.DR.EDGARD M.NORONHA,003 - RECURSOS VINCULADOS-FUNDO ESPECIAL DE DESPES,15000011 - RECEITA INDUSTRIAL - PRINCIPAL,15665.61,2020-11-21
38000 - SECRETARIA ADMINISTRACAO PENITENCIARIA,00001 - GOVERNO DO ESTADO DE SAO PAULO,380045 - FED-PENIT.DE MARILIA,003 - RECURSOS VINCULADOS-FUNDO ESPECIAL DE DESPES,13210011 - REMUNERACAO  DEPOSITOS BANCARIOS - PRINCIPAL,1615.09,2020-11-21
38000 - SECRETARIA ADMINISTRACAO PENITENCIARIA,00001 - GOVERNO DO ESTADO DE SAO PAULO,380045 - FED-PENIT.DE MARILIA,003 - RECURSOS VINCULADOS-FUNDO ESPECIAL DE DESPES,16100111 - SERVICO ADMINISTRATIVO/COML.GERAL -PRINCIPAL,50278.5,2020-11-21
38000 - SECRETARIA ADMINISTRACAO PENITENCIARIA,00001 - GOVERNO DO ESTADO DE SAO PAULO,380045 - FED-PENIT.DE MARILIA,006 - OUTRAS FONTES DE RECURSOS,19909911 - OUTRAS RECEITAS - PRIMARIAS - PRINCIPAL,0.0,2020-11-21
38000 - SECRETARIA ADMINISTRACAO PENITENCIARIA,00001 - GOVERNO DO ESTADO DE SAO PAULO,380101 - GABINETE DO SECRETARIO E ASSESSORIAS,001 - TESOURO-DOT.INICIAL E CRED.SUPLEMENTAR,19100111 - MULTAS PREVISTAS LEG. ESPECIFICA-PRINCIPAL,20661.71,2020-11-21
38000 - SECRETARIA ADMINISTRACAO PENITENCIARIA,00001 - GOVERNO DO ESTADO DE SAO PAULO,380101 - GABINETE DO SECRETARIO E ASSESSORIAS,001 - TESOURO-DOT.INICIAL E CRED.SUPLEMENTAR,19909911 - OUTRAS RECEITAS - PRIMARIAS - PRINCIPAL,539.27,2020-11-21
38000 - SECRETARIA ADMINISTRACAO PENITENCIARIA,00001 - GOVERNO DO ESTADO DE SAO PAULO,380146 - CENTRO PROGR.PENIT.DR.EDGARD M.NORONHA,001 - TESOURO-DOT.INICIAL E CRED.SUPLEMENTAR,19909911 - OUTRAS RECEITAS - PRIMARIAS - PRINCIPAL,13582.8,2020-11-21
38000 - SECRETARIA ADMINISTRACAO PENITENCIARIA,00001 - GOVERNO DO ESTADO DE SAO PAULO,380148 - PENITENCIARIA ADRIANO MARREY DE GUARULHOS,001 - TESOURO-DOT.INICIAL E CRED.SUPLEMENTAR,19280291 - OUTRAS RESTITUICOES-ESPECIF.E/DF/M-PRINCIPAL,18.65,2020-11-21
38000 - SECRETARIA ADMINISTRACAO PENITENCIARIA,00001 - GOVERNO DO ESTADO DE SAO PAULO,380151 - PENIT. NELSON MARCONDES DO AMARAL,001 - TESOURO-DOT.INICIAL E CRED.SUPLEMENTAR,19100111 - MULTAS PREVISTAS LEG. ESPECIFICA-PRINCIPAL,1558.11,2020-11-21
38000 - SECRETARIA ADMINISTRACAO PENITENCIARIA,00001 - GOVERNO DO ESTADO DE SAO PAULO,380151 - PENIT. NELSON MARCONDES DO AMARAL,001 - TESOURO-DOT.INICIAL E CRED.SUPLEMENTAR,19909911 - OUTRAS RECEITAS - PRIMARIAS - PRINCIPAL,4512.85,2020-11-21
38000 - SECRETARIA ADMINISTRACAO PENITENCIARIA,00001 - GOVERNO DO ESTADO DE SAO PAULO,"380152 - PENIT.JOAQUIM DE SYLOS CINTRA, DE CASA BRANC",001 - TESOURO-DOT.INICIAL E CRED.SUPLEMENTAR,11130341 - IRRF-OUTROS RENDIMENTOS-PRINCIPAL,381.4,2020-11-21
38000 - SECRETARIA ADMINISTRACAO PENITENCIARIA,00001 - GOVERNO DO ESTADO DE SAO PAULO,"380152 - PENIT.JOAQUIM DE SYLOS CINTRA, DE CASA BRANC",001 - TESOURO-DOT.INICIAL E CRED.SUPLEMENTAR,19100111 - MULTAS PREVISTAS LEG. ESPECIFICA-PRINCIPAL,399.0,2020-11-21
38000 - SECRETARIA ADMINISTRACAO PENITENCIARIA,00001 - GOVERNO DO ESTADO DE SAO PAULO,380155 - PENIT. OSIRIS SOUZA E SILVA-GETULINA,001 - TESOURO-DOT.INICIAL E CRED.SUPLEMENTAR,19909911 - OUTRAS RECEITAS - PRIMARIAS - PRINCIPAL,38.21,2020-11-21
38000 - SECRETARIA ADMINISTRACAO PENITENCIARIA,00001 - GOVERNO DO ESTADO DE SAO PAULO,380156 - PENIT. ORLANDO BRANDO FILINTO,001 - TESOURO-DOT.INICIAL E CRED.SUPLEMENTAR,19909911 - OUTRAS RECEITAS - PRIMARIAS - PRINCIPAL,9399.55,2020-11-21
38000 - SECRETARIA ADMINISTRACAO PENITENCIARIA,00001 - GOVERNO DO ESTADO DE SAO PAULO,380157 - PENIT. ODON RAMOS MARANHAO DE IPERO,001 - TESOURO-DOT.INICIAL E CRED.SUPLEMENTAR,19909911 - OUTRAS RECEITAS - PRIMARIAS - PRINCIPAL,11.02,2020-11-21
38000 - SECRETARIA ADMINISTRACAO PENITENCIARIA,00001 - GOVERNO DO ESTADO DE SAO PAULO,380159 - PENIT. JOAO BATISTA A. SAMPAIO,001 - TESOURO-DOT.INICIAL E CRED.SUPLEMENTAR,19280291 - OUTRAS RESTITUICOES-ESPECIF.E/DF/M-PRINCIPAL,46717.98,2020-11-21
38000 - SECRETARIA ADMINISTRACAO PENITENCIARIA,00001 - GOVERNO DO ESTADO DE SAO PAULO,380181 - DEPARTAMENTO DE ADMINISTRACAO,001 - TESOURO-DOT.INICIAL E CRED.SUPLEMENTAR,19280291 - OUTRAS RESTITUICOES-ESPECIF.E/DF/M-PRINCIPAL,172.74,2020-11-21
38000 - SECRETARIA ADMINISTRACAO PENITENCIARIA,00001 - GOVERNO DO ESTADO DE SAO PAULO,380181 - DEPARTAMENTO DE ADMINISTRACAO,001 - TESOURO-DOT.INICIAL E CRED.SUPLEMENTAR,19909911 - OUTRAS RECEITAS - PRIMARIAS - PRINCIPAL,135.19,2020-11-21
38000 - SECRETARIA ADMINISTRACAO PENITENCIARIA,00001 - GOVERNO DO ESTADO DE SAO PAULO,380183 - DEPARTAMENTO DE ADMINISTRACAO,001 - TESOURO-DOT.INICIAL E CRED.SUPLEMENTAR,19100111 - MULTAS PREVISTAS LEG. ESPECIFICA-PRINCIPAL,83.3,2020-11-21
38000 - SECRETARIA ADMINISTRACAO PENITENCIARIA,00001 - GOVERNO DO ESTADO DE SAO PAULO,380184 - DEPTO. DE ADM. C.U.P.REG.NOROESTE EST.,001 - TESOURO-DOT.INICIAL E CRED.SUPLEMENTAR,19909911 - OUTRAS RECEITAS - PRIMARIAS - PRINCIPAL,235.97,2020-11-21
38000 - SECRETARIA ADMINISTRACAO PENITENCIARIA,00001 - GOVERNO DO ESTADO DE SAO PAULO,380185 - DEPTO. DE ADM. C.U.P.REG.OESTE ESTADO,001 - TESOURO-DOT.INICIAL E CRED.SUPLEMENTAR,19100111 - MULTAS PREVISTAS LEG. ESPECIFICA-PRINCIPAL,37070.01,2020-11-21
38000 - SECRETARIA ADMINISTRACAO PENITENCIARIA,00001 - GOVERNO DO ESTADO DE SAO PAULO,380185 - DEPTO. DE ADM. C.U.P.REG.OESTE ESTADO,001 - TESOURO-DOT.INICIAL E CRED.SUPLEMENTAR,19909911 - OUTRAS RECEITAS - PRIMARIAS - PRINCIPAL,7.57,2020-11-21
38000 - SECRETARIA ADMINISTRACAO PENITENCIARIA,00001 - GOVERNO DO ESTADO DE SAO PAULO,380185 - DEPTO. DE ADM. C.U.P.REG.OESTE ESTADO,003 - RECURSOS VINCULADOS-FUNDO ESPECIAL DE DESPES,19100111 - MULTAS PREVISTAS LEG. ESPECIFICA-PRINCIPAL,96.2,2020-11-21
38000 - SECRETARIA ADMINISTRACAO PENITENCIARIA,00001 - GOVERNO DO ESTADO DE SAO PAULO,380187 - CENTRO DE DETEN. PROVIS. DE GUARULHOS II,001 - TESOURO-DOT.INICIAL E CRED.SUPLEMENTAR,19280291 - OUTRAS RESTITUICOES-ESPECIF.E/DF/M-PRINCIPAL,6.19,2020-11-21
38000 - SECRETARIA ADMINISTRACAO PENITENCIARIA,00001 - GOVERNO DO ESTADO DE SAO PAULO,380187 - CENTRO DE DETEN. PROVIS. DE GUARULHOS II,001 - TESOURO-DOT.INICIAL E CRED.SUPLEMENTAR,19909911 - OUTRAS RECEITAS - PRIMARIAS - PRINCIPAL,697.94,2020-11-21
38000 - SECRETARIA ADMINISTRACAO PENITENCIARIA,00001 - GOVERNO DO ESTADO DE SAO PAULO,"380188 - CTO.DET.PROV.DR.FELIX N.DE CAMPOS,DE TAUBATE",001 - TESOURO-DOT.INICIAL E CRED.SUPLEMENTAR,19909912 - OUTRAS RECEITAS - PRIMARIAS - MULTAS E JUROS,79.18,2020-11-21
38000 - SECRETARIA ADMINISTRACAO PENITENCIARIA,00001 - GOVERNO DO ESTADO DE SAO PAULO,380189 - CDP. LUIS CESAR LACERDA DE SAO VICENTE,001 - TESOURO-DOT.INICIAL E CRED.SUPLEMENTAR,19100111 - MULTAS PREVISTAS LEG. ESPECIFICA-PRINCIPAL,452.91,2020-11-21
38000 - SECRETARIA ADMINISTRACAO PENITENCIARIA,00001 - GOVERNO DO ESTADO DE SAO PAULO,380193 - DEPARTAMENTO DE ADMINISTRACAO,081 - TESOURO-DOT.INICIAL E CRED.SUPLEMENTAR-INTRA,76380191 - OUTROS SERVICOS DE SAUDE-PRINCIPAL INTRA,146842965.13,2020-11-21
38000 - SECRETARIA ADMINISTRACAO PENITENCIARIA,00001 - GOVERNO DO ESTADO DE SAO PAULO,380193 - DEPARTAMENTO DE ADMINISTRACAO,081 - TESOURO-DOT.INICIAL E CRED.SUPLEMENTAR-INTRA,77289911 - TRANSF.INTRA COVID,1760983.9,2020-11-21
38000 - SECRETARIA ADMINISTRACAO PENITENCIARIA,00001 - GOVERNO DO ESTADO DE SAO PAULO,380196 - PENITENCIARIA II DE POTIM,001 - TESOURO-DOT.INICIAL E CRED.SUPLEMENTAR,19909911 - OUTRAS RECEITAS - PRIMARIAS - PRINCIPAL,323.11,2020-11-21
38000 - SECRETARIA ADMINISTRACAO PENITENCIARIA,00001 - GOVERNO DO ESTADO DE SAO PAULO,380201 - PEN.VEREADOR FREDERICO GEOMETTI DE LAVINIA,001 - TESOURO-DOT.INICIAL E CRED.SUPLEMENTAR,19909911 - OUTRAS RECEITAS - PRIMARIAS - PRINCIPAL,125.0,2020-11-21
38000 - SECRETARIA ADMINISTRACAO PENITENCIARIA,00001 - GOVERNO DO ESTADO DE SAO PAULO,380202 - PENITENCIARIA DE OSVALDO CRUZ,001 - TESOURO-DOT.INICIAL E CRED.SUPLEMENTAR,19909911 - OUTRAS RECEITAS - PRIMARIAS - PRINCIPAL,2519.0,2020-11-21
38000 - SECRETARIA ADMINISTRACAO PENITENCIARIA,00001 - GOVERNO DO ESTADO DE SAO PAULO,380206 - DEPARTAMENTO DE ADMINISTRACAO,001 - TESOURO-DOT.INICIAL E CRED.SUPLEMENTAR,19909911 - OUTRAS RECEITAS - PRIMARIAS - PRINCIPAL,624.32,2020-11-21
38000 - SECRETARIA ADMINISTRACAO PENITENCIARIA,00001 - GOVERNO DO ESTADO DE SAO PAULO,380214 - CTO.PROG.PENIT.SAO MIGUEL,001 - TESOURO-DOT.INICIAL E CRED.SUPLEMENTAR,19909911 - OUTRAS RECEITAS - PRIMARIAS - PRINCIPAL,40.7,2020-11-21
38000 - SECRETARIA ADMINISTRACAO PENITENCIARIA,00001 - GOVERNO DO ESTADO DE SAO PAULO,380215 - PENIT.FEMININA DE RIBEIRAO PRETO,001 - TESOURO-DOT.INICIAL E CRED.SUPLEMENTAR,19909911 - OUTRAS RECEITAS - PRIMARIAS - PRINCIPAL,5709.38,2020-11-21
38000 - SECRETARIA ADMINISTRACAO PENITENCIARIA,00001 - GOVERNO DO ESTADO DE SAO PAULO,"380216 - CDP. ""ASP FRANCISCO CARLOS CANESCHI"", BAURU",001 - TESOURO-DOT.INICIAL E CRED.SUPLEMENTAR,19280291 - OUTRAS RESTITUICOES-ESPECIF.E/DF/M-PRINCIPAL,324.9,2020-11-21
38000 - SECRETARIA ADMINISTRACAO PENITENCIARIA,00001 - GOVERNO DO ESTADO DE SAO PAULO,"380216 - CDP. ""ASP FRANCISCO CARLOS CANESCHI"", BAURU",001 - TESOURO-DOT.INICIAL E CRED.SUPLEMENTAR,19909911 - OUTRAS RECEITAS - PRIMARIAS - PRINCIPAL,132.25,2020-11-21
38000 - SECRETARIA ADMINISTRACAO PENITENCIARIA,00001 - GOVERNO DO ESTADO DE SAO PAULO,"380219 - PENIT.""JOSE AP. RIBEIRO"" DE FRANCO DA ROCHA",001 - TESOURO-DOT.INICIAL E CRED.SUPLEMENTAR,19100111 - MULTAS PREVISTAS LEG. ESPECIFICA-PRINCIPAL,2947.3,2020-11-21
38000 - SECRETARIA ADMINISTRACAO PENITENCIARIA,00001 - GOVERNO DO ESTADO DE SAO PAULO,380221 - CDP-ASP.PENIT.WILLIANS N.BENJAMIM-PINHEIROII,001 - TESOURO-DOT.INICIAL E CRED.SUPLEMENTAR,19909911 - OUTRAS RECEITAS - PRIMARIAS - PRINCIPAL,500.0,2020-11-21
38000 - SECRETARIA ADMINISTRACAO PENITENCIARIA,00001 - GOVERNO DO ESTADO DE SAO PAULO,"380229 - PENIT.""AEVP CRISTIANO DE OLIVEIRA"" F.PAULIST",001 - TESOURO-DOT.INICIAL E CRED.SUPLEMENTAR,19909911 - OUTRAS RECEITAS - PRIMARIAS - PRINCIPAL,812.65,2020-11-21
38000 - SECRETARIA ADMINISTRACAO PENITENCIARIA,00001 - GOVERNO DO ESTADO DE SAO PAULO,"380235 - PENT.RODRIGO DOS SANTOS FREITAS, DE BALBINOS",001 - TESOURO-DOT.INICIAL E CRED.SUPLEMENTAR,19909911 - OUTRAS RECEITAS - PRIMARIAS - PRINCIPAL,3222.3,2020-11-21
38000 - SECRETARIA ADMINISTRACAO PENITENCIARIA,00001 - GOVERNO DO ESTADO DE SAO PAULO,"380239 - PENITENCIARIA ""NELSON VIEIRA"" DE GUAREI",001 - TESOURO-DOT.INICIAL E CRED.SUPLEMENTAR,19100111 - MULTAS PREVISTAS LEG. ESPECIFICA-PRINCIPAL,728.93,2020-11-21
38000 - SECRETARIA ADMINISTRACAO PENITENCIARIA,00001 - GOVERNO DO ESTADO DE SAO PAULO,"380239 - PENITENCIARIA ""NELSON VIEIRA"" DE GUAREI",001 - TESOURO-DOT.INICIAL E CRED.SUPLEMENTAR,19100911 - MULTAS JUROS PREVISTOS EM CONTRATOS-PRINCIPA,1122.64,2020-11-21
38000 - SECRETARIA ADMINISTRACAO PENITENCIARIA,00001 - GOVERNO DO ESTADO DE SAO PAULO,380240 - PENITENCIARIA II DE GUAREI,001 - TESOURO-DOT.INICIAL E CRED.SUPLEMENTAR,19100111 - MULTAS PREVISTAS LEG. ESPECIFICA-PRINCIPAL,6760.09,2020-11-21
38000 - SECRETARIA ADMINISTRACAO PENITENCIARIA,00001 - GOVERNO DO ESTADO DE SAO PAULO,380241 - PENITENCIARIA FEMININA SANT ANA,001 - TESOURO-DOT.INICIAL E CRED.SUPLEMENTAR,19280111 - INDENIZAC,164416.98,2020-11-21
38000 - SECRETARIA ADMINISTRACAO PENITENCIARIA,00001 - GOVERNO DO ESTADO DE SAO PAULO,380243 - CTO. DE DETENCAO PROVISORIA DE CARAGUATATUBA,001 - TESOURO-DOT.INICIAL E CRED.SUPLEMENTAR,19909911 - OUTRAS RECEITAS - PRIMARIAS - PRINCIPAL,2650.13,2020-11-21
38000 - SECRETARIA ADMINISTRACAO PENITENCIARIA,00001 - GOVERNO DO ESTADO DE SAO PAULO,380247 - DEPARTAMENTO DE ADMINISTRACAO,001 - TESOURO-DOT.INICIAL E CRED.SUPLEMENTAR,19909911 - OUTRAS RECEITAS - PRIMARIAS - PRINCIPAL,898.2,2020-11-21
38000 - SECRETARIA ADMINISTRACAO PENITENCIARIA,00001 - GOVERNO DO ESTADO DE SAO PAULO,"380249 - CTO.DET.PROV.""MARCOS A.A.BEZERRA""-JUNDIAI",001 - TESOURO-DOT.INICIAL E CRED.SUPLEMENTAR,19100111 - MULTAS PREVISTAS LEG. ESPECIFICA-PRINCIPAL,128.2,2020-11-21
38000 - SECRETARIA ADMINISTRACAO PENITENCIARIA,00001 - GOVERNO DO ESTADO DE SAO PAULO,380255 - CTO. DE DETENCAO PROVISORIA DE CAPELA DO ALT,001 - TESOURO-DOT.INICIAL E CRED.SUPLEMENTAR,19100111 - MULTAS PREVISTAS LEG. ESPECIFICA-PRINCIPAL,23331.12,2020-11-21
38000 - SECRETARIA ADMINISTRACAO PENITENCIARIA,00001 - GOVERNO DO ESTADO DE SAO PAULO,380257 - PENITENCIARIA DE CERQUEIRA CESAR,001 - TESOURO-DOT.INICIAL E CRED.SUPLEMENTAR,19100111 - MULTAS PREVISTAS LEG. ESPECIFICA-PRINCIPAL,567.66,2020-11-21
38000 - SECRETARIA ADMINISTRACAO PENITENCIARIA,00001 - GOVERNO DO ESTADO DE SAO PAULO,380257 - PENITENCIARIA DE CERQUEIRA CESAR,001 - TESOURO-DOT.INICIAL E CRED.SUPLEMENTAR,19909911 - OUTRAS RECEITAS - PRIMARIAS - PRINCIPAL,2910.42,2020-11-21
38000 - SECRETARIA ADMINISTRACAO PENITENCIARIA,00001 - GOVERNO DO ESTADO DE SAO PAULO,380258 - CTO. DE DETENCAO PROVISORIA DE CERQ. CESAR,001 - TESOURO-DOT.INICIAL E CRED.SUPLEMENTAR,19909911 - OUTRAS RECEITAS - PRIMARIAS - PRINCIPAL,1138.05,2020-11-21
38000 - SECRETARIA ADMINISTRACAO PENITENCIARIA,00001 - GOVERNO DO ESTADO DE SAO PAULO,380261 - PENITENCIARIA DE BERNARDINO DE CAMPOS,001 - TESOURO-DOT.INICIAL E CRED.SUPLEMENTAR,19909911 - OUTRAS RECEITAS - PRIMARIAS - PRINCIPAL,844.55,2020-11-21
38000 - SECRETARIA ADMINISTRACAO PENITENCIARIA,00001 - GOVERNO DO ESTADO DE SAO PAULO,380265 - PENITENCIARIA DE TAQUARITUBA,001 - TESOURO-DOT.INICIAL E CRED.SUPLEMENTAR,19100111 - MULTAS PREVISTAS LEG. ESPECIFICA-PRINCIPAL,1336.5,2020-11-21
38000 - SECRETARIA ADMINISTRACAO PENITENCIARIA,38045 - FUND. PROF. DR. MANOEL PEDRO PIMENTEL,381101 - FUNDACAO PROF. DR. MANOEL PEDRO PIMENTEL,004 - REC.PROPRIO-ADM.IND.-DOT.INIC.CR.SUPL.,13210011 - REMUNERACAO  DEPOSITOS BANCARIOS - PRINCIPAL,103757.65,2020-11-21
38000 - SECRETARIA ADMINISTRACAO PENITENCIARIA,38045 - FUND. PROF. DR. MANOEL PEDRO PIMENTEL,381101 - FUNDACAO PROF. DR. MANOEL PEDRO PIMENTEL,004 - REC.PROPRIO-ADM.IND.-DOT.INIC.CR.SUPL.,15000011 - RECEITA INDUSTRIAL - PRINCIPAL,7556196.62,2020-11-21
38000 - SECRETARIA ADMINISTRACAO PENITENCIARIA,38045 - FUND. PROF. DR. MANOEL PEDRO PIMENTEL,381101 - FUNDACAO PROF. DR. MANOEL PEDRO PIMENTEL,004 - REC.PROPRIO-ADM.IND.-DOT.INIC.CR.SUPL.,16909911 - OUTROS SERVICOS - PRINCIPAL,2461339.61,2020-11-21
38000 - SECRETARIA ADMINISTRACAO PENITENCIARIA,38045 - FUND. PROF. DR. MANOEL PEDRO PIMENTEL,381101 - FUNDACAO PROF. DR. MANOEL PEDRO PIMENTEL,004 - REC.PROPRIO-ADM.IND.-DOT.INIC.CR.SUPL.,19280291 - OUTRAS RESTITUICOES-ESPECIF.E/DF/M-PRINCIPAL,19026500.79,2020-11-21
38000 - SECRETARIA ADMINISTRACAO PENITENCIARIA,38045 - FUND. PROF. DR. MANOEL PEDRO PIMENTEL,381101 - FUNDACAO PROF. DR. MANOEL PEDRO PIMENTEL,004 - REC.PROPRIO-ADM.IND.-DOT.INIC.CR.SUPL.,19909911 - OUTRAS RECEITAS - PRIMARIAS - PRINCIPAL,31407.88,2020-11-21
38000 - SECRETARIA ADMINISTRACAO PENITENCIARIA,38045 - FUND. PROF. DR. MANOEL PEDRO PIMENTEL,381101 - FUNDACAO PROF. DR. MANOEL PEDRO PIMENTEL,006 - OUTRAS FONTES DE RECURSOS,19909911 - OUTRAS RECEITAS - PRIMARIAS - PRINCIPAL,1.54,2020-11-21
39000 - SECRETARIA DE SANEAMENTO E RECURSOS HIDRICOS,00001 - GOVERNO DO ESTADO DE SAO PAULO,390001 - SECRETARIA DE SANEAMENTO E RECURSOS HIDRICOS,001 - TESOURO-DOT.INICIAL E CRED.SUPLEMENTAR,19909911 - OUTRAS RECEITAS - PRIMARIAS - PRINCIPAL,19235.52,2020-11-21
40000 - PROCURADORIA GERAL DO ESTADO,00001 - GOVERNO DO ESTADO DE SAO PAULO,400030 - FED-DEPTO.ADM.PROCUR.GERAL DO ESTADO,001 - TESOURO-DOT.INICIAL E CRED.SUPLEMENTAR,13210011 - REMUNERACAO  DEPOSITOS BANCARIOS - PRINCIPAL,11927.67,2020-11-21
40000 - PROCURADORIA GERAL DO ESTADO,00001 - GOVERNO DO ESTADO DE SAO PAULO,400030 - FED-DEPTO.ADM.PROCUR.GERAL DO ESTADO,001 - TESOURO-DOT.INICIAL E CRED.SUPLEMENTAR,19909911 - OUTRAS RECEITAS - PRIMARIAS - PRINCIPAL,32396.75,2020-11-21
40000 - PROCURADORIA GERAL DO ESTADO,00001 - GOVERNO DO ESTADO DE SAO PAULO,400030 - FED-DEPTO.ADM.PROCUR.GERAL DO ESTADO,003 - RECURSOS VINCULADOS-FUNDO ESPECIAL DE DESPES,13210011 - REMUNERACAO  DEPOSITOS BANCARIOS - PRINCIPAL,120359.23,2020-11-21
40000 - PROCURADORIA GERAL DO ESTADO,00001 - GOVERNO DO ESTADO DE SAO PAULO,400030 - FED-DEPTO.ADM.PROCUR.GERAL DO ESTADO,003 - RECURSOS VINCULADOS-FUNDO ESPECIAL DE DESPES,19901211 - ENCARGOS LEGAIS INSCR. DIV.ATIVA-PRINCIPAL,10798.93,2020-11-21
40000 - PROCURADORIA GERAL DO ESTADO,00001 - GOVERNO DO ESTADO DE SAO PAULO,400032 - FED-CENTRO DE ESTUDOS-PGE,003 - RECURSOS VINCULADOS-FUNDO ESPECIAL DE DESPES,13210011 - REMUNERACAO  DEPOSITOS BANCARIOS - PRINCIPAL,21387.33,2020-11-21
40000 - PROCURADORIA GERAL DO ESTADO,00001 - GOVERNO DO ESTADO DE SAO PAULO,400032 - FED-CENTRO DE ESTUDOS-PGE,003 - RECURSOS VINCULADOS-FUNDO ESPECIAL DE DESPES,16909911 - OUTROS SERVICOS - PRINCIPAL,59456.89,2020-11-21
40000 - PROCURADORIA GERAL DO ESTADO,00001 - GOVERNO DO ESTADO DE SAO PAULO,400032 - FED-CENTRO DE ESTUDOS-PGE,043 - F.E.D - CREDITO POR SUPERAVIT FINANCEIRO,16909911 - OUTROS SERVICOS - PRINCIPAL,1600.0,2020-11-21
40000 - PROCURADORIA GERAL DO ESTADO,00001 - GOVERNO DO ESTADO DE SAO PAULO,400033 - FED-PROCURADORIA GERAL DO ESTADO-FUNPROGESP,001 - TESOURO-DOT.INICIAL E CRED.SUPLEMENTAR,13210011 - REMUNERACAO  DEPOSITOS BANCARIOS - PRINCIPAL,1058591.28,2020-11-21
40000 - PROCURADORIA GERAL DO ESTADO,00001 - GOVERNO DO ESTADO DE SAO PAULO,400033 - FED-PROCURADORIA GERAL DO ESTADO-FUNPROGESP,003 - RECURSOS VINCULADOS-FUNDO ESPECIAL DE DESPES,13210011 - REMUNERACAO  DEPOSITOS BANCARIOS - PRINCIPAL,342261.06,2020-11-21
40000 - PROCURADORIA GERAL DO ESTADO,00001 - GOVERNO DO ESTADO DE SAO PAULO,400033 - FED-PROCURADORIA GERAL DO ESTADO-FUNPROGESP,041 - TESOURO - CREDITO POR SUPERAVIT FINANCEIRO,13210011 - REMUNERACAO  DEPOSITOS BANCARIOS - PRINCIPAL,6270.19,2020-11-21
40000 - PROCURADORIA GERAL DO ESTADO,00001 - GOVERNO DO ESTADO DE SAO PAULO,400102 - DEPTO.SUPR.ATIVIDADES COMPLEMENTARES,001 - TESOURO-DOT.INICIAL E CRED.SUPLEMENTAR,11130341 - IRRF-OUTROS RENDIMENTOS-PRINCIPAL,103899.72,2020-11-21
40000 - PROCURADORIA GERAL DO ESTADO,00001 - GOVERNO DO ESTADO DE SAO PAULO,400102 - DEPTO.SUPR.ATIVIDADES COMPLEMENTARES,001 - TESOURO-DOT.INICIAL E CRED.SUPLEMENTAR,19909911 - OUTRAS RECEITAS - PRIMARIAS - PRINCIPAL,33721.47,2020-11-21
40000 - PROCURADORIA GERAL DO ESTADO,00001 - GOVERNO DO ESTADO DE SAO PAULO,400105 - PROCUR.JUDICIAL,001 - TESOURO-DOT.INICIAL E CRED.SUPLEMENTAR,11130341 - IRRF-OUTROS RENDIMENTOS-PRINCIPAL,149166.75,2020-11-21
40000 - PROCURADORIA GERAL DO ESTADO,00001 - GOVERNO DO ESTADO DE SAO PAULO,400109 - PROCUR.FISCAL DO ESTADO,001 - TESOURO-DOT.INICIAL E CRED.SUPLEMENTAR,19909911 - OUTRAS RECEITAS - PRIMARIAS - PRINCIPAL,1646.17,2020-11-21
40000 - PROCURADORIA GERAL DO ESTADO,00001 - GOVERNO DO ESTADO DE SAO PAULO,400110 - PROCUR.REGIONAL DA GDE.SAO PAULO,001 - TESOURO-DOT.INICIAL E CRED.SUPLEMENTAR,11130341 - IRRF-OUTROS RENDIMENTOS-PRINCIPAL,28832.57,2020-11-21
40000 - PROCURADORIA GERAL DO ESTADO,00001 - GOVERNO DO ESTADO DE SAO PAULO,400111 - PROCUR.REGIONAL DE SANTOS,001 - TESOURO-DOT.INICIAL E CRED.SUPLEMENTAR,11130341 - IRRF-OUTROS RENDIMENTOS-PRINCIPAL,109.68,2020-11-21
40000 - PROCURADORIA GERAL DO ESTADO,00001 - GOVERNO DO ESTADO DE SAO PAULO,400112 - PROCUR.REGIONAL DE TAUBATE,001 - TESOURO-DOT.INICIAL E CRED.SUPLEMENTAR,19909911 - OUTRAS RECEITAS - PRIMARIAS - PRINCIPAL,0.01,2020-11-21
40000 - PROCURADORIA GERAL DO ESTADO,00001 - GOVERNO DO ESTADO DE SAO PAULO,400113 - PROCUR.REGIONAL DE SOROCABA,001 - TESOURO-DOT.INICIAL E CRED.SUPLEMENTAR,19909911 - OUTRAS RECEITAS - PRIMARIAS - PRINCIPAL,5004.35,2020-11-21
40000 - PROCURADORIA GERAL DO ESTADO,00001 - GOVERNO DO ESTADO DE SAO PAULO,400114 - PROCUR.REGIONAL DE CAMPINAS,001 - TESOURO-DOT.INICIAL E CRED.SUPLEMENTAR,19909911 - OUTRAS RECEITAS - PRIMARIAS - PRINCIPAL,294.26,2020-11-21
40000 - PROCURADORIA GERAL DO ESTADO,00001 - GOVERNO DO ESTADO DE SAO PAULO,400116 - PROCUR.REGIONAL DE BAURU,001 - TESOURO-DOT.INICIAL E CRED.SUPLEMENTAR,19909911 - OUTRAS RECEITAS - PRIMARIAS - PRINCIPAL,1903.99,2020-11-21
40000 - PROCURADORIA GERAL DO ESTADO,00001 - GOVERNO DO ESTADO DE SAO PAULO,400117 - PROCUR.REGIONAL DE SJRIO PRETO,001 - TESOURO-DOT.INICIAL E CRED.SUPLEMENTAR,19909911 - OUTRAS RECEITAS - PRIMARIAS - PRINCIPAL,222.51,2020-11-21
40000 - PROCURADORIA GERAL DO ESTADO,00001 - GOVERNO DO ESTADO DE SAO PAULO,400118 - PROCUR.REGIONAL DE ARACATUBA,001 - TESOURO-DOT.INICIAL E CRED.SUPLEMENTAR,19909911 - OUTRAS RECEITAS - PRIMARIAS - PRINCIPAL,184.85,2020-11-21
41000 - SECRETARIA DE ESPORTES,00001 - GOVERNO DO ESTADO DE SAO PAULO,410030 - FED-COORDENADORIA DE ESPORTES,003 - RECURSOS VINCULADOS-FUNDO ESPECIAL DE DESPES,13100111 - ALUGUEIS E ARRENDAMENTOS - PRINCIPAL,307261.11,2020-11-21
41000 - SECRETARIA DE ESPORTES,00001 - GOVERNO DO ESTADO DE SAO PAULO,410030 - FED-COORDENADORIA DE ESPORTES,003 - RECURSOS VINCULADOS-FUNDO ESPECIAL DE DESPES,13210011 - REMUNERACAO  DEPOSITOS BANCARIOS - PRINCIPAL,181360.52,2020-11-21
41000 - SECRETARIA DE ESPORTES,00001 - GOVERNO DO ESTADO DE SAO PAULO,410030 - FED-COORDENADORIA DE ESPORTES,003 - RECURSOS VINCULADOS-FUNDO ESPECIAL DE DESPES,19909911 - OUTRAS RECEITAS - PRIMARIAS - PRINCIPAL,2328030.11,2020-11-21
41000 - SECRETARIA DE ESPORTES,00001 - GOVERNO DO ESTADO DE SAO PAULO,410030 - FED-COORDENADORIA DE ESPORTES,005 - RECURSOS VINCULADOS FEDERAIS,13210011 - REMUNERACAO  DEPOSITOS BANCARIOS - PRINCIPAL,1864466.6,2020-11-21
41000 - SECRETARIA DE ESPORTES,00001 - GOVERNO DO ESTADO DE SAO PAULO,410030 - FED-COORDENADORIA DE ESPORTES,005 - RECURSOS VINCULADOS FEDERAIS,17189911 - OUTRAS TRANSFERENCIAS DA UNIAO - PRINCIPAL,41026031.43,2020-11-21
41000 - SECRETARIA DE ESPORTES,00001 - GOVERNO DO ESTADO DE SAO PAULO,410030 - FED-COORDENADORIA DE ESPORTES,006 - OUTRAS FONTES DE RECURSOS,19909911 - OUTRAS RECEITAS - PRIMARIAS - PRINCIPAL,1012295.08,2020-11-21
41000 - SECRETARIA DE ESPORTES,00001 - GOVERNO DO ESTADO DE SAO PAULO,410031 - FED-GABINETE DO SECRETARIO,003 - RECURSOS VINCULADOS-FUNDO ESPECIAL DE DESPES,13100111 - ALUGUEIS E ARRENDAMENTOS - PRINCIPAL,23823.9,2020-11-21
41000 - SECRETARIA DE ESPORTES,00001 - GOVERNO DO ESTADO DE SAO PAULO,410031 - FED-GABINETE DO SECRETARIO,003 - RECURSOS VINCULADOS-FUNDO ESPECIAL DE DESPES,13210011 - REMUNERACAO  DEPOSITOS BANCARIOS - PRINCIPAL,21623.6,2020-11-21
41000 - SECRETARIA DE ESPORTES,00001 - GOVERNO DO ESTADO DE SAO PAULO,410031 - FED-GABINETE DO SECRETARIO,006 - OUTRAS FONTES DE RECURSOS,19909911 - OUTRAS RECEITAS - PRIMARIAS - PRINCIPAL,10210.28,2020-11-21
41000 - SECRETARIA DE ESPORTES,00001 - GOVERNO DO ESTADO DE SAO PAULO,410033 - FED-GABINETE DO SECRETARIO,003 - RECURSOS VINCULADOS-FUNDO ESPECIAL DE DESPES,13210011 - REMUNERACAO  DEPOSITOS BANCARIOS - PRINCIPAL,6428.04,2020-11-21
41000 - SECRETARIA DE ESPORTES,00001 - GOVERNO DO ESTADO DE SAO PAULO,410101 - GABINETE DO SECRETARIO,001 - TESOURO-DOT.INICIAL E CRED.SUPLEMENTAR,19100111 - MULTAS PREVISTAS LEG. ESPECIFICA-PRINCIPAL,44319.87,2020-11-21
41000 - SECRETARIA DE ESPORTES,00001 - GOVERNO DO ESTADO DE SAO PAULO,410103 - COORDENADORIA DE ESPORTES E LAZER,001 - TESOURO-DOT.INICIAL E CRED.SUPLEMENTAR,11130341 - IRRF-OUTROS RENDIMENTOS-PRINCIPAL,140.12,2020-11-21
42000 - DEFENSORIA PUBLICA DO ESTADO,00001 - GOVERNO DO ESTADO DE SAO PAULO,420030 - FED-CGA FUNDO DE ASSISTENCIA JUDICIARIA,002 - RECURSOS VINCULADOS ESTADUAIS,11220111 - TAXA PELA  PRESTACAO DE SERVICOS-PRINCIPAL,0.0,2020-11-21
42000 - DEFENSORIA PUBLICA DO ESTADO,00001 - GOVERNO DO ESTADO DE SAO PAULO,420030 - FED-CGA FUNDO DE ASSISTENCIA JUDICIARIA,002 - RECURSOS VINCULADOS ESTADUAIS,11280221 - TAXAS EXTRAJUDICIAIS,4265258.71,2020-11-21
42000 - DEFENSORIA PUBLICA DO ESTADO,00001 - GOVERNO DO ESTADO DE SAO PAULO,420030 - FED-CGA FUNDO DE ASSISTENCIA JUDICIARIA,002 - RECURSOS VINCULADOS ESTADUAIS,13210011 - REMUNERACAO  DEPOSITOS BANCARIOS - PRINCIPAL,3838173.19,2020-11-21
42000 - DEFENSORIA PUBLICA DO ESTADO,00001 - GOVERNO DO ESTADO DE SAO PAULO,420030 - FED-CGA FUNDO DE ASSISTENCIA JUDICIARIA,083 - RECURSOS VINCULADOS-FUNDO ESP. DESPESA-INTRA,13210011 - REMUNERACAO  DEPOSITOS BANCARIOS - PRINCIPAL,4563.39,2020-11-21
42000 - DEFENSORIA PUBLICA DO ESTADO,00001 - GOVERNO DO ESTADO DE SAO PAULO,420031 - FED-ESCOLA DA DEFENSORIA PUB.ESTADO-FUNDEPE,003 - RECURSOS VINCULADOS-FUNDO ESPECIAL DE DESPES,13210011 - REMUNERACAO  DEPOSITOS BANCARIOS - PRINCIPAL,373179.96,2020-11-21
42000 - DEFENSORIA PUBLICA DO ESTADO,00001 - GOVERNO DO ESTADO DE SAO PAULO,420031 - FED-ESCOLA DA DEFENSORIA PUB.ESTADO-FUNDEPE,003 - RECURSOS VINCULADOS-FUNDO ESPECIAL DE DESPES,16100111 - SERVICO ADMINISTRATIVO/COML.GERAL -PRINCIPAL,7380.0,2020-11-21
42000 - DEFENSORIA PUBLICA DO ESTADO,00001 - GOVERNO DO ESTADO DE SAO PAULO,420031 - FED-ESCOLA DA DEFENSORIA PUB.ESTADO-FUNDEPE,003 - RECURSOS VINCULADOS-FUNDO ESPECIAL DE DESPES,19901211 - ENCARGOS LEGAIS INSCR. DIV.ATIVA-PRINCIPAL,3124387.61,2020-11-21
42000 - DEFENSORIA PUBLICA DO ESTADO,00001 - GOVERNO DO ESTADO DE SAO PAULO,420031 - FED-ESCOLA DA DEFENSORIA PUB.ESTADO-FUNDEPE,003 - RECURSOS VINCULADOS-FUNDO ESPECIAL DE DESPES,19909911 - OUTRAS RECEITAS - PRIMARIAS - PRINCIPAL,35325.51,2020-11-21
47000 - SECR.EST.DIREITOS PESSOA COM DEFICIENCIA,00001 - GOVERNO DO ESTADO DE SAO PAULO,470101 - GABINETE DO SECRETARIO,001 - TESOURO-DOT.INICIAL E CRED.SUPLEMENTAR,19280291 - OUTRAS RESTITUICOES-ESPECIF.E/DF/M-PRINCIPAL,1756.93,2020-11-21
48000 - SECR. DE DESENVOLVIMENTO METROPOLITANO,48090 - EMPRESA PAULISTA DE PLANEJ.METROPOLITANO,483184 - EMPRESA PAULISTA DE PLANEJ.METROP.S.A - UGFR,001 - TESOURO-DOT.INICIAL E CRED.SUPLEMENTAR,19909911 - OUTRAS RECEITAS - PRIMARIAS - PRINCIPAL,0.0,2020-11-21
49000 - SECRETARIA DE ENERGIA E MINERACAO,49055 - AGENCIA REGUL.SANEAM.ENERGIA EST.S.P.-ARSESP,492101 - AGEN.REGUL.SANEAMENTO E ENERGIA-EST.SP-ARSES,004 - REC.PROPRIO-ADM.IND.-DOT.INIC.CR.SUPL.,11280191 - TAXAS DE INSPEC.CONTROLE E FISCALIZAC -OUTRA,18400000.0,2020-11-21
50000 - SECRETARIA DE TURISMO,00001 - GOVERNO DO ESTADO DE SAO PAULO,500001 - SECRETARIA DE TURISMO,001 - TESOURO-DOT.INICIAL E CRED.SUPLEMENTAR,13210011 - REMUNERACAO  DEPOSITOS BANCARIOS - PRINCIPAL,422.34,2020-11-21
50000 - SECRETARIA DE TURISMO,00001 - GOVERNO DO ESTADO DE SAO PAULO,500001 - SECRETARIA DE TURISMO,005 - RECURSOS VINCULADOS FEDERAIS,13210011 - REMUNERACAO  DEPOSITOS BANCARIOS - PRINCIPAL,0.0,2020-11-21
50000 - SECRETARIA DE TURISMO,00001 - GOVERNO DO ESTADO DE SAO PAULO,500030 - FED-MELHORIA DAS ESTANCIAS,003 - RECURSOS VINCULADOS-FUNDO ESPECIAL DE DESPES,13210011 - REMUNERACAO  DEPOSITOS BANCARIOS - PRINCIPAL,0.01,2020-11-21
50000 - SECRETARIA DE TURISMO,00001 - GOVERNO DO ESTADO DE SAO PAULO,500031 - FUNDO DE MELHORIA DOS MUNICIPIOS TURISTICOS,003 - RECURSOS VINCULADOS-FUNDO ESPECIAL DE DESPES,13210011 - REMUNERACAO  DEPOSITOS BANCARIOS - PRINCIPAL,267313.78,2020-11-21
50000 - SECRETARIA DE TURISMO,00001 - GOVERNO DO ESTADO DE SAO PAULO,500031 - FUNDO DE MELHORIA DOS MUNICIPIOS TURISTICOS,005 - RECURSOS VINCULADOS FEDERAIS,13210011 - REMUNERACAO  DEPOSITOS BANCARIOS - PRINCIPAL,0.0,2020-11-21
50000 - SECRETARIA DE TURISMO,00001 - GOVERNO DO ESTADO DE SAO PAULO,500101 - GABINETE DO SECRETARIO,001 - TESOURO-DOT.INICIAL E CRED.SUPLEMENTAR,19909911 - OUTRAS RECEITAS - PRIMARIAS - PRINCIPAL,632.65,2020-11-21
50000 - SECRETARIA DE TURISMO,00001 - GOVERNO DO ESTADO DE SAO PAULO,500102 - DEPTO.APOIO AO DESENV.DOS MUN. TURISTICOS,001 - TESOURO-DOT.INICIAL E CRED.SUPLEMENTAR,19909911 - OUTRAS RECEITAS - PRIMARIAS - PRINCIPAL,331660.55,2020-11-21
50000 - SECRETARIA DE TURISMO,00001 - GOVERNO DO ESTADO DE SAO PAULO,500103 - ADMINISTRACAO DA COORD. DE TURISMO,005 - RECURSOS VINCULADOS FEDERAIS,13210011 - REMUNERACAO  DEPOSITOS BANCARIOS - PRINCIPAL,278503.24,2020-11-21
50000 - SECRETARIA DE TURISMO,00001 - GOVERNO DO ESTADO DE SAO PAULO,500103 - ADMINISTRACAO DA COORD. DE TURISMO,005 - RECURSOS VINCULADOS FEDERAIS,24181091 - OUTRAS TRANSF.CONVENIOS DA UNIAO-PRINCIPAL,234000.0,2020-11-21
51000 - SECRETARIA DE GOVERNO,00001 - GOVERNO DO ESTADO DE SAO PAULO,510001 - SECRETARIA DE GOVERNO,001 - TESOURO-DOT.INICIAL E CRED.SUPLEMENTAR,19909911 - OUTRAS RECEITAS - PRIMARIAS - PRINCIPAL,65338.35,2020-11-21
51000 - SECRETARIA DE GOVERNO,00001 - GOVERNO DO ESTADO DE SAO PAULO,510030 - FED. DEPTO. DE INFRAESTRUTURA,003 - RECURSOS VINCULADOS-FUNDO ESPECIAL DE DESPES,13100111 - ALUGUEIS E ARRENDAMENTOS - PRINCIPAL,49657.48,2020-11-21
51000 - SECRETARIA DE GOVERNO,00001 - GOVERNO DO ESTADO DE SAO PAULO,510030 - FED. DEPTO. DE INFRAESTRUTURA,003 - RECURSOS VINCULADOS-FUNDO ESPECIAL DE DESPES,13210011 - REMUNERACAO  DEPOSITOS BANCARIOS - PRINCIPAL,31125.55,2020-11-21
51000 - SECRETARIA DE GOVERNO,00001 - GOVERNO DO ESTADO DE SAO PAULO,510031 - FED-UNIDADE ARQUIVO P BLICO ESTADO-FEARQ,003 - RECURSOS VINCULADOS-FUNDO ESPECIAL DE DESPES,11220111 - TAXA PELA  PRESTACAO DE SERVICOS-PRINCIPAL,91009.87,2020-11-21
51000 - SECRETARIA DE GOVERNO,00001 - GOVERNO DO ESTADO DE SAO PAULO,510031 - FED-UNIDADE ARQUIVO P BLICO ESTADO-FEARQ,003 - RECURSOS VINCULADOS-FUNDO ESPECIAL DE DESPES,13109911 - OUTRAS RECEITAS IMOBILIARIAS - PRINCIPAL,12950.18,2020-11-21
51000 - SECRETARIA DE GOVERNO,00001 - GOVERNO DO ESTADO DE SAO PAULO,510031 - FED-UNIDADE ARQUIVO P BLICO ESTADO-FEARQ,003 - RECURSOS VINCULADOS-FUNDO ESPECIAL DE DESPES,13210011 - REMUNERACAO  DEPOSITOS BANCARIOS - PRINCIPAL,15056.32,2020-11-21
51000 - SECRETARIA DE GOVERNO,00001 - GOVERNO DO ESTADO DE SAO PAULO,510032 - FUNDO SOCIAL DE SAO PAULO,003 - RECURSOS VINCULADOS-FUNDO ESPECIAL DE DESPES,13210011 - REMUNERACAO  DEPOSITOS BANCARIOS - PRINCIPAL,1241855.5,2020-11-21
51000 - SECRETARIA DE GOVERNO,00001 - GOVERNO DO ESTADO DE SAO PAULO,510032 - FUNDO SOCIAL DE SAO PAULO,003 - RECURSOS VINCULADOS-FUNDO ESPECIAL DE DESPES,15000011 - RECEITA INDUSTRIAL - PRINCIPAL,765.67,2020-11-21
51000 - SECRETARIA DE GOVERNO,00001 - GOVERNO DO ESTADO DE SAO PAULO,510032 - FUNDO SOCIAL DE SAO PAULO,003 - RECURSOS VINCULADOS-FUNDO ESPECIAL DE DESPES,17481011 - OUTRA TRANSF.INST.PRIV. AO E/DF/M-PRINCIPAL,37338380.0,2020-11-21
51000 - SECRETARIA DE GOVERNO,00001 - GOVERNO DO ESTADO DE SAO PAULO,510032 - FUNDO SOCIAL DE SAO PAULO,003 - RECURSOS VINCULADOS-FUNDO ESPECIAL DE DESPES,17780191 - OUTRAS TRANSF.PF ESPECIF.E/DF/M N.E.ANT-PRIN,17884592.09,2020-11-21
51000 - SECRETARIA DE GOVERNO,00001 - GOVERNO DO ESTADO DE SAO PAULO,510032 - FUNDO SOCIAL DE SAO PAULO,003 - RECURSOS VINCULADOS-FUNDO ESPECIAL DE DESPES,17781011 - OUTRA TRANSF.CONV.EXTERIOR-ESPEC E/DF/M-PRIN,140.74,2020-11-21
51000 - SECRETARIA DE GOVERNO,00001 - GOVERNO DO ESTADO DE SAO PAULO,510032 - FUNDO SOCIAL DE SAO PAULO,003 - RECURSOS VINCULADOS-FUNDO ESPECIAL DE DESPES,19280291 - OUTRAS RESTITUICOES-ESPECIF.E/DF/M-PRINCIPAL,912459.94,2020-11-21
51000 - SECRETARIA DE GOVERNO,00001 - GOVERNO DO ESTADO DE SAO PAULO,510032 - FUNDO SOCIAL DE SAO PAULO,003 - RECURSOS VINCULADOS-FUNDO ESPECIAL DE DESPES,19909911 - OUTRAS RECEITAS - PRIMARIAS - PRINCIPAL,11747950.4,2020-11-21
51000 - SECRETARIA DE GOVERNO,00001 - GOVERNO DO ESTADO DE SAO PAULO,510033 - FED.GAB.SECR. - INST.GEOGRAF.CARTOGR.-IGC,003 - RECURSOS VINCULADOS-FUNDO ESPECIAL DE DESPES,13210011 - REMUNERACAO  DEPOSITOS BANCARIOS - PRINCIPAL,35878.71,2020-11-21
51000 - SECRETARIA DE GOVERNO,00001 - GOVERNO DO ESTADO DE SAO PAULO,510033 - FED.GAB.SECR. - INST.GEOGRAF.CARTOGR.-IGC,003 - RECURSOS VINCULADOS-FUNDO ESPECIAL DE DESPES,16909911 - OUTROS SERVICOS - PRINCIPAL,79919.12,2020-11-21
51000 - SECRETARIA DE GOVERNO,00001 - GOVERNO DO ESTADO DE SAO PAULO,510033 - FED.GAB.SECR. - INST.GEOGRAF.CARTOGR.-IGC,006 - OUTRAS FONTES DE RECURSOS,19909911 - OUTRAS RECEITAS - PRIMARIAS - PRINCIPAL,928.61,2020-11-21
51000 - SECRETARIA DE GOVERNO,00001 - GOVERNO DO ESTADO DE SAO PAULO,510050 - SECRETARIA DE GOVERNO - ALIENACAO DE IMOVEIS,001 - TESOURO-DOT.INICIAL E CRED.SUPLEMENTAR,22200011 - ALIENACAO DE BENS IMOVEIS - PRINCIPAL,81987483.19,2020-11-21
51000 - SECRETARIA DE GOVERNO,00001 - GOVERNO DO ESTADO DE SAO PAULO,510101 - GABINETE DO SECRETARIO,001 - TESOURO-DOT.INICIAL E CRED.SUPLEMENTAR,19909911 - OUTRAS RECEITAS - PRIMARIAS - PRINCIPAL,66633.35,2020-11-21
51000 - SECRETARIA DE GOVERNO,00001 - GOVERNO DO ESTADO DE SAO PAULO,510101 - GABINETE DO SECRETARIO,002 - RECURSOS VINCULADOS ESTADUAIS,12180111 - CPSSS - SERVIDOR CIVIL  ATIVO - PRINCIPAL,646349.93,2020-11-21
51000 - SECRETARIA DE GOVERNO,00001 - GOVERNO DO ESTADO DE SAO PAULO,510102 - DEPARTAMENTO DE ADMINISTRACAO,001 - TESOURO-DOT.INICIAL E CRED.SUPLEMENTAR,19909911 - OUTRAS RECEITAS - PRIMARIAS - PRINCIPAL,566.89,2020-11-21
51000 - SECRETARIA DE GOVERNO,00001 - GOVERNO DO ESTADO DE SAO PAULO,510103 - DEPARTAMENTO DE INFRAESTRUTURA,001 - TESOURO-DOT.INICIAL E CRED.SUPLEMENTAR,13100111 - ALUGUEIS E ARRENDAMENTOS - PRINCIPAL,86596.2,2020-11-21
51000 - SECRETARIA DE GOVERNO,00001 - GOVERNO DO ESTADO DE SAO PAULO,510103 - DEPARTAMENTO DE INFRAESTRUTURA,001 - TESOURO-DOT.INICIAL E CRED.SUPLEMENTAR,19909911 - OUTRAS RECEITAS - PRIMARIAS - PRINCIPAL,1000.0,2020-11-21
51000 - SECRETARIA DE GOVERNO,00001 - GOVERNO DO ESTADO DE SAO PAULO,510109 - ADMINISTRACAO DA CASA MILITAR,001 - TESOURO-DOT.INICIAL E CRED.SUPLEMENTAR,13210011 - REMUNERACAO  DEPOSITOS BANCARIOS - PRINCIPAL,47.14,2020-11-21
51000 - SECRETARIA DE GOVERNO,00001 - GOVERNO DO ESTADO DE SAO PAULO,510109 - ADMINISTRACAO DA CASA MILITAR,001 - TESOURO-DOT.INICIAL E CRED.SUPLEMENTAR,19280291 - OUTRAS RESTITUICOES-ESPECIF.E/DF/M-PRINCIPAL,11298.2,2020-11-21
51000 - SECRETARIA DE GOVERNO,00001 - GOVERNO DO ESTADO DE SAO PAULO,510109 - ADMINISTRACAO DA CASA MILITAR,001 - TESOURO-DOT.INICIAL E CRED.SUPLEMENTAR,19909911 - OUTRAS RECEITAS - PRIMARIAS - PRINCIPAL,38780.71,2020-11-21
51000 - SECRETARIA DE GOVERNO,00001 - GOVERNO DO ESTADO DE SAO PAULO,510113 - COORDENADORIA DE SERVICOS AO CIDADAO - CSC,002 - RECURSOS VINCULADOS ESTADUAIS,13210011 - REMUNERACAO  DEPOSITOS BANCARIOS - PRINCIPAL,57619.72,2020-11-21
51000 - SECRETARIA DE GOVERNO,51045 - FUND.SISTEMA ESTADUAL DE ANAL.DADOS-SEADE,511101 - FUND.SISTEMA ESTADUAL DE ANAL.DADOS-SEADE,004 - REC.PROPRIO-ADM.IND.-DOT.INIC.CR.SUPL.,13210011 - REMUNERACAO  DEPOSITOS BANCARIOS - PRINCIPAL,91651.6,2020-11-21
51000 - SECRETARIA DE GOVERNO,51045 - FUND.SISTEMA ESTADUAL DE ANAL.DADOS-SEADE,511101 - FUND.SISTEMA ESTADUAL DE ANAL.DADOS-SEADE,004 - REC.PROPRIO-ADM.IND.-DOT.INIC.CR.SUPL.,16100111 - SERVICO ADMINISTRATIVO/COML.GERAL -PRINCIPAL,6440935.74,2020-11-21
51000 - SECRETARIA DE GOVERNO,51045 - FUND.SISTEMA ESTADUAL DE ANAL.DADOS-SEADE,511101 - FUND.SISTEMA ESTADUAL DE ANAL.DADOS-SEADE,004 - REC.PROPRIO-ADM.IND.-DOT.INIC.CR.SUPL.,19280291 - OUTRAS RESTITUICOES-ESPECIF.E/DF/M-PRINCIPAL,300294.53,2020-11-21
51000 - SECRETARIA DE GOVERNO,51045 - FUND.SISTEMA ESTADUAL DE ANAL.DADOS-SEADE,511184 - FUND.SISTEMA ESTADUAL DE ANAL.DADOS-UGFRP,004 - REC.PROPRIO-ADM.IND.-DOT.INIC.CR.SUPL.,19280291 - OUTRAS RESTITUICOES-ESPECIF.E/DF/M-PRINCIPAL,11351.07,2020-11-21
51000 - SECRETARIA DE GOVERNO,51050 - AG.REG.SERV.PUBL.DEL.TRANSP.EST.SP.,512101 - AG.REG.SERV.PUBL.DELEG.TRANSP.EST.SP.,004 - REC.PROPRIO-ADM.IND.-DOT.INIC.CR.SUPL.,13320111 - DELEG.EXPL. TRANSP.RODOV.SETOR PRIVADO-PRINC,126000000.0,2020-11-21
51000 - SECRETARIA DE GOVERNO,51055 - AG.REG.SERV.PUBL.DELEG.TRANSP.EST.SP.,512601 - AG.REG.SERV.PUBL.DELEG.TRANSP.EST.SP.,004 - REC.PROPRIO-ADM.IND.-DOT.INIC.CR.SUPL.,13210011 - REMUNERACAO  DEPOSITOS BANCARIOS - PRINCIPAL,9339512.93,2020-11-21
51000 - SECRETARIA DE GOVERNO,51055 - AG.REG.SERV.PUBL.DELEG.TRANSP.EST.SP.,512601 - AG.REG.SERV.PUBL.DELEG.TRANSP.EST.SP.,004 - REC.PROPRIO-ADM.IND.-DOT.INIC.CR.SUPL.,13320111 - DELEG.EXPL. TRANSP.RODOV.SETOR PRIVADO-PRINC,98506798.09,2020-11-21
51000 - SECRETARIA DE GOVERNO,51055 - AG.REG.SERV.PUBL.DELEG.TRANSP.EST.SP.,512601 - AG.REG.SERV.PUBL.DELEG.TRANSP.EST.SP.,004 - REC.PROPRIO-ADM.IND.-DOT.INIC.CR.SUPL.,16100111 - SERVICO ADMINISTRATIVO/COML.GERAL -PRINCIPAL,141531.79,2020-11-21
51000 - SECRETARIA DE GOVERNO,51055 - AG.REG.SERV.PUBL.DELEG.TRANSP.EST.SP.,512601 - AG.REG.SERV.PUBL.DELEG.TRANSP.EST.SP.,004 - REC.PROPRIO-ADM.IND.-DOT.INIC.CR.SUPL.,16200211 - SERVICOS DE TRANSPORTE - PRINCIPAL,14383703.3,2020-11-21
51000 - SECRETARIA DE GOVERNO,51055 - AG.REG.SERV.PUBL.DELEG.TRANSP.EST.SP.,512601 - AG.REG.SERV.PUBL.DELEG.TRANSP.EST.SP.,004 - REC.PROPRIO-ADM.IND.-DOT.INIC.CR.SUPL.,16909911 - OUTROS SERVICOS - PRINCIPAL,60328.96,2020-11-21
51000 - SECRETARIA DE GOVERNO,51055 - AG.REG.SERV.PUBL.DELEG.TRANSP.EST.SP.,512601 - AG.REG.SERV.PUBL.DELEG.TRANSP.EST.SP.,004 - REC.PROPRIO-ADM.IND.-DOT.INIC.CR.SUPL.,19909911 - OUTRAS RECEITAS - PRIMARIAS - PRINCIPAL,85.12,2020-11-21
51000 - SECRETARIA DE GOVERNO,51055 - AG.REG.SERV.PUBL.DELEG.TRANSP.EST.SP.,512601 - AG.REG.SERV.PUBL.DELEG.TRANSP.EST.SP.,005 - RECURSOS VINCULADOS FEDERAIS,13210011 - REMUNERACAO  DEPOSITOS BANCARIOS - PRINCIPAL,15924.82,2020-11-21
51000 - SECRETARIA DE GOVERNO,51055 - AG.REG.SERV.PUBL.DELEG.TRANSP.EST.SP.,512601 - AG.REG.SERV.PUBL.DELEG.TRANSP.EST.SP.,006 - OUTRAS FONTES DE RECURSOS,19909911 - OUTRAS RECEITAS - PRIMARIAS - PRINCIPAL,22320.65,2020-11-21
51000 - SECRETARIA DE GOVERNO,51056 - AG. REGUL. SANEAMENTO E ENERGIA EST.SP.,512701 - AG. REGUL. SANEAMENTO E ENERGIA EST.SP.,004 - REC.PROPRIO-ADM.IND.-DOT.INIC.CR.SUPL.,11280191 - TAXAS DE INSPEC.CONTROLE E FISCALIZAC -OUTRA,44107677.61,2020-11-21
51000 - SECRETARIA DE GOVERNO,51056 - AG. REGUL. SANEAMENTO E ENERGIA EST.SP.,512701 - AG. REGUL. SANEAMENTO E ENERGIA EST.SP.,004 - REC.PROPRIO-ADM.IND.-DOT.INIC.CR.SUPL.,13210011 - REMUNERACAO  DEPOSITOS BANCARIOS - PRINCIPAL,17503951.4,2020-11-21
51000 - SECRETARIA DE GOVERNO,51056 - AG. REGUL. SANEAMENTO E ENERGIA EST.SP.,512701 - AG. REGUL. SANEAMENTO E ENERGIA EST.SP.,004 - REC.PROPRIO-ADM.IND.-DOT.INIC.CR.SUPL.,19280291 - OUTRAS RESTITUICOES-ESPECIF.E/DF/M-PRINCIPAL,368422.86,2020-11-21
51000 - SECRETARIA DE GOVERNO,51056 - AG. REGUL. SANEAMENTO E ENERGIA EST.SP.,512701 - AG. REGUL. SANEAMENTO E ENERGIA EST.SP.,005 - RECURSOS VINCULADOS FEDERAIS,13210011 - REMUNERACAO  DEPOSITOS BANCARIOS - PRINCIPAL,1088418.41,2020-11-21
51000 - SECRETARIA DE GOVERNO,51056 - AG. REGUL. SANEAMENTO E ENERGIA EST.SP.,512701 - AG. REGUL. SANEAMENTO E ENERGIA EST.SP.,005 - RECURSOS VINCULADOS FEDERAIS,17181091 - OUTRAS TRANSF.CONVENIOS UNIAO - PRINCIPAL,7049415.48,2020-11-21
51000 - SECRETARIA DE GOVERNO,51056 - AG. REGUL. SANEAMENTO E ENERGIA EST.SP.,512701 - AG. REGUL. SANEAMENTO E ENERGIA EST.SP.,006 - OUTRAS FONTES DE RECURSOS,19909911 - OUTRAS RECEITAS - PRIMARIAS - PRINCIPAL,0.0,2020-11-21
51000 - SECRETARIA DE GOVERNO,51056 - AG. REGUL. SANEAMENTO E ENERGIA EST.SP.,512701 - AG. REGUL. SANEAMENTO E ENERGIA EST.SP.,007 - OP.CRED.E CONTRIB.DO EXTERIOR-DOT.INIC.CR.SU,13210011 - REMUNERACAO  DEPOSITOS BANCARIOS - PRINCIPAL,321.33,2020-11-21
51000 - SECRETARIA DE GOVERNO,51057 - DEPARTAMENTO ESTADUAL DE TRANSITO-DETRAN-SP,512801 - DEPARTAMENTO ESTADUAL DE TRANSITO-DETRAN-SP,002 - RECURSOS VINCULADOS ESTADUAIS,11220111 - TAXA PELA  PRESTACAO DE SERVICOS-PRINCIPAL,13177935.22,2020-11-21
51000 - SECRETARIA DE GOVERNO,51057 - DEPARTAMENTO ESTADUAL DE TRANSITO-DETRAN-SP,512801 - DEPARTAMENTO ESTADUAL DE TRANSITO-DETRAN-SP,002 - RECURSOS VINCULADOS ESTADUAIS,19100111 - MULTAS PREVISTAS LEG. ESPECIFICA-PRINCIPAL,157220393.63,2020-11-21
51000 - SECRETARIA DE GOVERNO,51057 - DEPARTAMENTO ESTADUAL DE TRANSITO-DETRAN-SP,512801 - DEPARTAMENTO ESTADUAL DE TRANSITO-DETRAN-SP,004 - REC.PROPRIO-ADM.IND.-DOT.INIC.CR.SUPL.,13210011 - REMUNERACAO  DEPOSITOS BANCARIOS - PRINCIPAL,97787.24,2020-11-21
51000 - SECRETARIA DE GOVERNO,51057 - DEPARTAMENTO ESTADUAL DE TRANSITO-DETRAN-SP,512801 - DEPARTAMENTO ESTADUAL DE TRANSITO-DETRAN-SP,004 - REC.PROPRIO-ADM.IND.-DOT.INIC.CR.SUPL.,16909911 - OUTROS SERVICOS - PRINCIPAL,55454494.77,2020-11-21
51000 - SECRETARIA DE GOVERNO,51057 - DEPARTAMENTO ESTADUAL DE TRANSITO-DETRAN-SP,512801 - DEPARTAMENTO ESTADUAL DE TRANSITO-DETRAN-SP,004 - REC.PROPRIO-ADM.IND.-DOT.INIC.CR.SUPL.,17481011 - OUTRA TRANSF.INST.PRIV. AO E/DF/M-PRINCIPAL,70719543.09,2020-11-21
51000 - SECRETARIA DE GOVERNO,51057 - DEPARTAMENTO ESTADUAL DE TRANSITO-DETRAN-SP,512801 - DEPARTAMENTO ESTADUAL DE TRANSITO-DETRAN-SP,004 - REC.PROPRIO-ADM.IND.-DOT.INIC.CR.SUPL.,19909911 - OUTRAS RECEITAS - PRIMARIAS - PRINCIPAL,518452.22,2020-11-21
51000 - SECRETARIA DE GOVERNO,51057 - DEPARTAMENTO ESTADUAL DE TRANSITO-DETRAN-SP,512801 - DEPARTAMENTO ESTADUAL DE TRANSITO-DETRAN-SP,044 - REC.PROP.ADM.IND-CRED.P/SUPERVAVIT FINANCEIR,19909911 - OUTRAS RECEITAS - PRIMARIAS - PRINCIPAL,30339.16,2020-11-21
51000 - SECRETARIA DE GOVERNO,51057 - DEPARTAMENTO ESTADUAL DE TRANSITO-DETRAN-SP,512802 - DIRETORIA DE ADMINISTRACAO - DETRAN - SP,004 - REC.PROPRIO-ADM.IND.-DOT.INIC.CR.SUPL.,19909911 - OUTRAS RECEITAS - PRIMARIAS - PRINCIPAL,2443.72,2020-11-21
51000 - SECRETARIA DE GOVERNO,51058 - INST.ASSIS.MEDICA SERV.PUBL.ESTADUAL,512901 - INST.ASSIS.MEDICA SERV.PUBL.ESTADUAL,004 - REC.PROPRIO-ADM.IND.-DOT.INIC.CR.SUPL.,12100611 - CONTRIB.FDO ASSIST.MED.POL.MILITAR- PRINCIPA,0.0,2020-11-21
51000 - SECRETARIA DE GOVERNO,51058 - INST.ASSIS.MEDICA SERV.PUBL.ESTADUAL,512901 - INST.ASSIS.MEDICA SERV.PUBL.ESTADUAL,004 - REC.PROPRIO-ADM.IND.-DOT.INIC.CR.SUPL.,12100631 - CONTRIB.FDO ASSIST.MED.SERV.CIVIL- PRINCIPAL,0.0,2020-11-21
51000 - SECRETARIA DE GOVERNO,51058 - INST.ASSIS.MEDICA SERV.PUBL.ESTADUAL,512901 - INST.ASSIS.MEDICA SERV.PUBL.ESTADUAL,004 - REC.PROPRIO-ADM.IND.-DOT.INIC.CR.SUPL.,12100691 - CONTRIB.FDO ASSIST.MED.OUTRO BENEF- PRINCIPA,0.0,2020-11-21
51000 - SECRETARIA DE GOVERNO,51058 - INST.ASSIS.MEDICA SERV.PUBL.ESTADUAL,512901 - INST.ASSIS.MEDICA SERV.PUBL.ESTADUAL,004 - REC.PROPRIO-ADM.IND.-DOT.INIC.CR.SUPL.,13100111 - ALUGUEIS E ARRENDAMENTOS - PRINCIPAL,618192.46,2020-11-21
51000 - SECRETARIA DE GOVERNO,51058 - INST.ASSIS.MEDICA SERV.PUBL.ESTADUAL,512901 - INST.ASSIS.MEDICA SERV.PUBL.ESTADUAL,004 - REC.PROPRIO-ADM.IND.-DOT.INIC.CR.SUPL.,13210011 - REMUNERACAO  DEPOSITOS BANCARIOS - PRINCIPAL,1764185.9,2020-11-21
51000 - SECRETARIA DE GOVERNO,51058 - INST.ASSIS.MEDICA SERV.PUBL.ESTADUAL,512901 - INST.ASSIS.MEDICA SERV.PUBL.ESTADUAL,004 - REC.PROPRIO-ADM.IND.-DOT.INIC.CR.SUPL.,16100111 - SERVICO ADMINISTRATIVO/COML.GERAL -PRINCIPAL,294672.77,2020-11-21
51000 - SECRETARIA DE GOVERNO,51058 - INST.ASSIS.MEDICA SERV.PUBL.ESTADUAL,512901 - INST.ASSIS.MEDICA SERV.PUBL.ESTADUAL,004 - REC.PROPRIO-ADM.IND.-DOT.INIC.CR.SUPL.,16100211 - INSCRICAO CONCURSO/PROC.SELETIVOS- PRINCIPAL,22696.39,2020-11-21
51000 - SECRETARIA DE GOVERNO,51058 - INST.ASSIS.MEDICA SERV.PUBL.ESTADUAL,512901 - INST.ASSIS.MEDICA SERV.PUBL.ESTADUAL,004 - REC.PROPRIO-ADM.IND.-DOT.INIC.CR.SUPL.,16300211 - SERV.ASSIST.SAUDE SUPLEMENTAR-SERVIDOR CIVIL,888909408.77,2020-11-21
51000 - SECRETARIA DE GOVERNO,51058 - INST.ASSIS.MEDICA SERV.PUBL.ESTADUAL,512901 - INST.ASSIS.MEDICA SERV.PUBL.ESTADUAL,004 - REC.PROPRIO-ADM.IND.-DOT.INIC.CR.SUPL.,16300221 - SERV.ASSIST.MEDICO-HOSPITALAR DO MILITAR,32579234.41,2020-11-21
51000 - SECRETARIA DE GOVERNO,51058 - INST.ASSIS.MEDICA SERV.PUBL.ESTADUAL,512901 - INST.ASSIS.MEDICA SERV.PUBL.ESTADUAL,004 - REC.PROPRIO-ADM.IND.-DOT.INIC.CR.SUPL.,16909911 - OUTROS SERVICOS - PRINCIPAL,414447.25,2020-11-21
51000 - SECRETARIA DE GOVERNO,51058 - INST.ASSIS.MEDICA SERV.PUBL.ESTADUAL,512901 - INST.ASSIS.MEDICA SERV.PUBL.ESTADUAL,004 - REC.PROPRIO-ADM.IND.-DOT.INIC.CR.SUPL.,17281091 - OUTRAS TRANSF.CONVENIOS ESTADO-PRINCIPAL,18183427.7,2020-11-21
51000 - SECRETARIA DE GOVERNO,51058 - INST.ASSIS.MEDICA SERV.PUBL.ESTADUAL,512901 - INST.ASSIS.MEDICA SERV.PUBL.ESTADUAL,004 - REC.PROPRIO-ADM.IND.-DOT.INIC.CR.SUPL.,19280291 - OUTRAS RESTITUICOES-ESPECIF.E/DF/M-PRINCIPAL,1129351.09,2020-11-21
51000 - SECRETARIA DE GOVERNO,51058 - INST.ASSIS.MEDICA SERV.PUBL.ESTADUAL,512901 - INST.ASSIS.MEDICA SERV.PUBL.ESTADUAL,004 - REC.PROPRIO-ADM.IND.-DOT.INIC.CR.SUPL.,19909911 - OUTRAS RECEITAS - PRIMARIAS - PRINCIPAL,6188526.34,2020-11-21
51000 - SECRETARIA DE GOVERNO,51091 - CIA.DESENV.AGRICOLA S.P.,513701 - CIA.DESENV.AGRICOLA S.P.,001 - TESOURO-DOT.INICIAL E CRED.SUPLEMENTAR,13210011 - REMUNERACAO  DEPOSITOS BANCARIOS - PRINCIPAL,0.09,2020-11-21
51000 - SECRETARIA DE GOVERNO,51091 - CIA.DESENV.AGRICOLA S.P.,513701 - CIA.DESENV.AGRICOLA S.P.,004 - REC.PROPRIO-ADM.IND.-DOT.INIC.CR.SUPL.,13100111 - ALUGUEIS E ARRENDAMENTOS - PRINCIPAL,485848.49,2020-11-21
51000 - SECRETARIA DE GOVERNO,51091 - CIA.DESENV.AGRICOLA S.P.,513701 - CIA.DESENV.AGRICOLA S.P.,004 - REC.PROPRIO-ADM.IND.-DOT.INIC.CR.SUPL.,13210011 - REMUNERACAO  DEPOSITOS BANCARIOS - PRINCIPAL,512823.45,2020-11-21
51000 - SECRETARIA DE GOVERNO,51091 - CIA.DESENV.AGRICOLA S.P.,513701 - CIA.DESENV.AGRICOLA S.P.,004 - REC.PROPRIO-ADM.IND.-DOT.INIC.CR.SUPL.,16909911 - OUTROS SERVICOS - PRINCIPAL,241975.06,2020-11-21
51000 - SECRETARIA DE GOVERNO,51091 - CIA.DESENV.AGRICOLA S.P.,513701 - CIA.DESENV.AGRICOLA S.P.,004 - REC.PROPRIO-ADM.IND.-DOT.INIC.CR.SUPL.,19280291 - OUTRAS RESTITUICOES-ESPECIF.E/DF/M-PRINCIPAL,21346.01,2020-11-21
51000 - SECRETARIA DE GOVERNO,51091 - CIA.DESENV.AGRICOLA S.P.,513701 - CIA.DESENV.AGRICOLA S.P.,004 - REC.PROPRIO-ADM.IND.-DOT.INIC.CR.SUPL.,19909911 - OUTRAS RECEITAS - PRIMARIAS - PRINCIPAL,139196.62,2020-11-21
51000 - SECRETARIA DE GOVERNO,51091 - CIA.DESENV.AGRICOLA S.P.,513701 - CIA.DESENV.AGRICOLA S.P.,004 - REC.PROPRIO-ADM.IND.-DOT.INIC.CR.SUPL.,22130011 - ALIENACAO BENS MOVEIS/SEMOVENTES- PRINCIPAL,20457079.46,2020-11-21
51000 - SECRETARIA DE GOVERNO,51091 - CIA.DESENV.AGRICOLA S.P.,513784 - CA.DESENV.AGRICOLA S.P.,004 - REC.PROPRIO-ADM.IND.-DOT.INIC.CR.SUPL.,13210011 - REMUNERACAO  DEPOSITOS BANCARIOS - PRINCIPAL,54090.85,2020-11-21
51000 - SECRETARIA DE GOVERNO,51092 - EMPRESA PAULISTA DE PLANEJ.METROP.S.A,513801 - EMPRESA PAULISTA DE PLANEJ.METROP.S.A,004 - REC.PROPRIO-ADM.IND.-DOT.INIC.CR.SUPL.,16909911 - OUTROS SERVICOS - PRINCIPAL,8179.88,2020-11-21
